0 2017   3 0 0 0 10   6.3  1824 -1.0 0
0 2017   4 0 0 1 10   5.1  6912 -0.9 0
0 2017   5 0 0 1 10   6.6  8928  0.3 0
0 2017   6 0 0 1 10   7.8  6924  0.0 0
0 2017   9 0 0 1 10  -0.9  5635  0.9 0
0 2017  10 0 1 1 10  -8.0  9044 -0.1 0
0 2017  11 0 1 1 10  -4.2  4741 -0.8 0
0 2017  12 0 1 0  9  -1.0  3432 -0.2 0
0 2017  13 0 1 1  9  -3.8  2677  0.4 0
0 2017  17 0 1 1 10   9.8   916 -0.3 0
0 2017  18 0 0 1 10   4.5  5155 -0.4 0
0 2017  19 0 1 1 10  -3.7  9197  0.7 0
0 2017  20 0 1 0 10   3.0  8085 -0.8 0
0 2017  23 0 1 1 10   5.2  1040  0.2 0
0 2017  24 0 1 1 10  -9.8  1876  0.7 0
0 2017  25 0 0 0 10   8.4  4315  0.6 0
0 2017  26 0 0 1 10   2.9  9977 -0.4 0
0 2017  27 0 0 1 10 -10.0  9813  0.0 1
0 2017  30 0 1 0 10  -3.9  9295 -0.8 0
0 2017  31 0 1 1  9   2.1  9007 -0.5 0
0 2017  32 0 1 1  9   8.6  3295 -0.1 0
0 2017  33 0 1 0  9  -3.7  3681 -0.8 0
0 2017  34 0 0 0  9  -4.2  1104 -0.9 0
0 2017  37 0 0 1  9   4.6  9440  0.5 0
0 2017  38 0 1 1  9  -1.0  6939  0.3 0
0 2017  39 0 0 1  9   0.3  5559 -0.7 0
0 2017  40 0 1 0  9  -3.7  1235  0.4 0
0 2017  41 0 1 1  8  -7.7  3872 -0.5 1
0 2017  44 0 0 1  8  -0.1  4345  0.4 0
0 2017  45 0 1 1  8   2.4  2536 -0.4 0
0 2017  46 0 1 1  8  -8.6   821  0.8 0
0 2017  47 0 0 0  8  -8.3  9749 -0.8 1
0 2017  48 0 0 0  8   5.8  1343  0.3 0
0 2017  52 0 1 0  9  -2.0  3910 -0.2 0
0 2017  53 0 0 0  8   1.7  9224 -0.7 0
0 2017  54 0 1 1  9  -3.8  6054 -0.1 0
0 2017  55 0 0 1  9  -9.8  9086 -0.1 0
0 2017  58 0 1 0  9  -6.1  4462 -0.1 0
0 2017  59 0 0 0  9  -8.7  1512  1.0 0
0 2017  60 0 1 0  9  -3.3  2647  0.4 0
0 2017  61 0 0 0  9   3.9   590  0.1 0
0 2017  62 0 1 1 10  -9.0  5862 -0.4 0
0 2017  65 0 1 1 10   9.1  2532 -0.3 0
0 2017  66 0 1 1 10   8.8  5442  0.3 0
0 2017  67 0 0 1 10  -7.3  6267 -0.9 0
0 2017  68 0 1 1 10  -4.2  3652 -1.0 0
0 2017  69 0 0 1 10   3.0  6548  0.7 0
0 2017  72 0 1 1 10  -3.3   626 -0.7 0
0 2017  73 0 0 1 10   4.7  3114 -0.2 0
0 2017  74 0 1 1 10   8.9  3228  0.1 0
0 2017  75 0 1 1 10  -6.9  4920  0.6 0
0 2017  76 0 1 1 10  -0.3  2851  0.9 0
0 2017  79 0 0 1 10   5.5  5279  0.4 0
0 2017  80 0 1 1 10   8.8  2780 -0.8 0
0 2017  81 0 0 0 10  -4.0  5085 -0.3 1
0 2017  82 0 1 1 10   1.6  6790  1.0 0
0 2017  83 0 1 1 10   9.2  1746  0.3 0
0 2017  86 0 1 1 10  -6.9  7478 -0.6 0
0 2017  87 0 0 1 10   5.6  8270  0.3 0
0 2017  88 0 1 1 10  -3.4  4050  1.0 0
0 2017  89 0 0 1 10   8.2  4681 -0.3 0
0 2017  90 0 0 1 10   7.7  2503 -0.4 0
0 2017  93 1 0 1  9   0.7  6381  0.8 0
0 2017  94 1 1 1  9  -1.0  4892  0.2 0
0 2017  95 1 0 0  9   5.4  3613  0.5 0
0 2017  96 1 1 1 10   0.3  2704  0.4 0
0 2017  97 1 0 1 10   6.9   444 -0.8 0
0 2017 100 1 1 1 10  -4.6  7449  0.0 0
0 2017 101 1 0 1  9  -8.0  7705 -1.0 0
0 2017 102 1 0 0 10  -9.0   508 -0.3 0
0 2017 103 1 0 1 10  -4.5  7619 -0.2 0
0 2017 104 1 1 1 10  -2.1  1771  0.8 1
0 2017 107 1 1 1 10  -8.1  9700  1.0 0
0 2017 108 1 1 0 10   4.4   672  0.1 0
0 2017 109 1 0 1 10   0.7  8031 -0.7 0
0 2017 110 1 1 1  9  -5.5  8548  1.0 0
0 2017 111 1 0 1  9   8.7  9707 -0.2 0
0 2017 114 1 0 0  9   9.2  7613  0.8 0
0 2017 115 1 1 1  9  -4.6  5813 -0.2 0
0 2017 116 1 1 1  9  -7.9  3954  0.3 0
0 2017 117 1 1 1  9  -7.7  4820 -0.3 0
0 2017 118 1 1 1  9   9.0  9017  0.0 0
0 2017 121 1 1 0 10  -2.0  1958  0.7 0
0 2017 122 1 0 0 10   9.4  8595  0.9 0
0 2017 123 1 1 1  9  -9.7  8751 -0.6 0
0 2017 124 1 1 1 10   2.5  1680 -1.0 0
0 2017 125 1 0 1 10   2.2  1869 -0.8 0
0 2017 128 1 0 1 10   4.4  4978 -0.8 0
0 2017 129 1 1 1 10  -4.3  8561  0.2 1
0 2017 130 1 0 0 10   5.6  1625 -0.4 0
0 2017 131 1 1 1 10  -6.0    43  0.3 0
0 2017 132 1 1 1 10   1.6  1166 -0.3 0
0 2017 135 1 0 1 10   0.8  1880  0.7 0
0 2017 136 1 1 1 10  -2.2  9749  0.8 0
0 2017 137 1 0 1  9   3.8  8090  0.4 0
0 2017 138 1 0 1  9  -7.7  3750  0.8 0
0 2017 139 1 1 0  9  -5.6  7708  0.6 0
0 2017 142 1 1 0  9  -7.7  7700  0.1 0
0 2017 143 1 0 0  9   6.9  6561  0.7 0
0 2017 144 1 0 1 10   3.1    18  0.7 0
0 2017 145 1 0 1 10   1.3   845 -0.4 0
0 2017 146 1 1 0 10  -9.3  9975 -0.3 0
0 2017 150 1 1 1 10  -7.1  7560 -0.7 0
0 2017 151 1 0 0 10   2.3  7736 -0.3 0
0 2017 152 1 1 1 10  -6.6  1143 -0.2 0
0 2017 153 1 1 1 10   8.5  4891  0.8 0
0 2017 156 1 1 1  9  -1.5  9042  0.7 1
0 2017 157 1 1 1  9   9.8  6730 -0.9 0
0 2017 158 1 0 1 10   6.6  2492  0.5 0
0 2017 159 1 0 0  9   1.2  1633  0.6 0
0 2017 160 1 1 1 10  -8.1  7692 -0.2 1
0 2017 163 1 1 1 10  -0.3  5188  1.0 0
0 2017 164 1 0 1 10  -2.7  3727 -0.8 1
0 2017 165 1 0 1 10  -9.3   753  0.0 0
0 2017 166 1 1 1 10  -5.4  2785 -0.5 0
0 2017 167 1 0 1 10   1.8  4161  0.4 0
0 2017 170 1 1 1 10  -6.0  1210  0.4 1
0 2017 171 1 0 1 10  -2.3  3263  0.2 0
0 2017 172 1 1 1 10  -9.5  6484 -0.2 1
0 2017 173 1 0 0 10  -2.7  3770  0.9 0
0 2017 174 1 1 0 10   7.4  2240  1.0 0
0 2017 177 1 0 1 10  -0.7  2153 -0.8 0
0 2017 178 1 1 1 10  -0.7  8697  0.6 0
0 2017 179 1 1 1 10  -2.5  5549 -0.7 0
0 2017 180 1 0 1 10   0.1  9131  0.1 0
0 2017 181 1 1 1 10   9.1  4295  0.8 0
0 2017 184 1 0 0 10   5.8  9198  0.0 0
0 2017 186 1 0 1 10   0.4  1911 -0.6 0
0 2017 187 1 1 1  9   3.7  2222  0.2 0
0 2017 188 1 1 1  9   9.0  2531  0.3 0
0 2017 191 1 1 1  9   7.6  6070 -0.4 0
0 2017 192 1 0 0  9   3.9  5876 -0.9 0
0 2017 193 1 1 0  9   6.9  3475  1.0 0
0 2017 194 1 0 1 10   4.4  3362 -0.8 0
0 2017 195 1 1 0  9   9.8  2417  0.9 0
0 2017 198 1 0 1  9  -5.6  1801 -1.0 0
0 2017 199 1 1 1  9  -3.3   858 -0.6 0
0 2017 200 1 1 1  9  -7.3  7405  0.6 1
0 2017 201 1 1 1  8   6.4   510 -0.9 0
0 2017 202 1 0 1  8  -8.0  5277  0.9 0
0 2017 205 1 0 1  9  -0.3  9787  0.6 0
0 2017 206 1 0 1  8   6.7  9033 -0.4 0
0 2017 207 1 1 0  8   8.6  1557  0.0 0
0 2017 208 1 0 1  9  -8.3  1494 -0.8 0
0 2017 209 1 0 1  9   4.3  9202  0.0 1
0 2017 212 1 0 1  9  -8.7  4712  0.9 0
0 2017 213 2 1 1  9  -7.3  5736  0.7 0
0 2017 214 2 1 1 10   5.9  9121 -1.0 0
0 2017 215 2 0 1 10  -1.4  5751 -1.0 0
0 2017 216 2 1 1 10  -9.3  1503  0.6 0
0 2017 219 2 0 1 10   4.5  9768 -0.8 0
0 2017 220 2 0 0 10   1.3  6947  0.5 0
0 2017 221 2 1 0  9  -7.2  4640  0.8 0
0 2017 222 2 1 0  9  -2.3  3460 -0.6 0
0 2017 223 2 0 1  9   3.6  3770  0.6 0
0 2017 226 2 0 1  9   1.1   307  0.4 0
0 2017 227 2 1 0  9   0.6  4743 -0.7 0
0 2017 228 2 0 1  9   7.6  5928 -0.8 0
0 2017 229 2 0 1  9  -2.1  5562 -0.3 0
0 2017 230 2 0 0  9  -1.1  5752  1.0 0
0 2017 233 2 0 1  9   6.7  1234 -0.5 0
0 2017 234 2 1 1  9   7.4  9248  1.0 0
0 2017 235 2 1 1  9  -8.3  7682  0.4 0
0 2017 236 2 0 1  9  -9.1   932  0.1 1
0 2017 237 2 0 0  9   1.8  9508  0.7 0
0 2017 240 2 0 0  9  -5.2  5267  0.9 0
0 2017 241 2 1 1  9  -1.3  1381  0.6 1
0 2017 242 2 1 1  9  -0.7  6108 -0.1 0
0 2017 243 2 1 1 10  -1.5  1079  0.0 0
0 2017 244 2 1 1 10   5.4  2463  0.0 0
0 2017 248 2 1 1 10   6.9  6421 -0.6 0
0 2017 249 2 1 1 10  -6.8  8624 -0.8 0
0 2017 250 2 0 0 10   9.6  7967 -0.4 0
0 2017 251 2 0 1  9   9.7  8843  0.6 0
0 2017 254 2 0 1  9  -5.9  2962  0.9 0
0 2017 255 2 0 1  9   1.3  4668  0.4 0
0 2017 256 2 1 1  9  -5.1  6026  0.8 0
0 2017 257 2 1 1 10  -4.9  9906 -0.6 0
0 2017 258 2 0 1 10   3.2  2042 -0.1 0
0 2017 261 2 1 1 10  -7.7  3637  0.4 0
0 2017 262 2 1 1 10  -8.0  6142 -0.3 0
0 2017 263 2 1 1 10  -2.7  7740 -0.6 1
0 2017 264 2 0 1  9  -6.2  8991  0.9 0
0 2017 265 2 1 1  9   0.7  7489 -0.8 0
0 2017 268 2 1 0  9  -3.9  2352 -0.1 0
0 2017 269 2 0 1  8  -0.8  1108  0.6 0
0 2017 270 2 0 1  9  -8.9  6338  0.1 0
0 2017 271 2 0 1  9   9.7  9533  0.0 0
0 2017 272 2 1 0  9   7.5  7612  0.5 0
0 2017 275 2 1 1  9  -2.5  3302 -0.9 0
0 2017 276 2 0 1  9   2.1  4150 -0.9 0
0 2017 277 2 1 1  9  -6.9  6029  0.3 0
0 2017 278 2 0 1  9   2.7  6018  0.6 0
0 2017 279 2 0 1 10  -5.4  8937 -0.1 0
0 2017 283 2 1 1 10   7.6  7272  0.1 0
0 2017 284 2 0 1 10   6.3   939 -0.8 0
0 2017 285 2 1 0  9  -9.3  2339  0.9 0
0 2017 286 2 1 1  9   4.5   530  0.9 0
0 2017 289 2 1 0  9  -6.5  8674  0.1 0
0 2017 290 2 0 1  9  -0.1  9202 -0.7 0
0 2017 291 2 0 0  9   2.5  3279 -0.7 0
0 2017 292 2 0 0  9   7.4  5236  0.1 0
0 2017 293 2 0 0  9   8.1  2852  0.1 0
0 2017 296 2 1 1  9  -9.4  5912  0.7 0
0 2017 297 2 0 1  9   0.1  7842  0.6 0
0 2017 298 2 1 1  8  -8.2  7372  0.4 0
0 2017 299 2 0 0  8  -6.7  7088  0.6 0
0 2017 300 2 0 0  8   8.1  3694  0.1 0
0 2017 303 2 0 0  8   4.1  4496 -0.6 0
0 2017 304 2 0 1  8   4.8  2526 -0.5 0
0 2017 305 2 1 0  8  -9.3  1330 -0.9 0
0 2017 306 2 0 1  8   5.8   496  0.5 0
0 2017 307 2 0 0  8   7.5  6653 -0.1 0
0 2017 310 2 1 1  8  -1.3  9939 -0.6 1
0 2017 311 2 0 0  7  -0.6  8437  0.7 0
0 2017 312 2 1 1  7  -8.8  4754  0.2 1
0 2017 313 2 0 1  7   8.4  5123 -0.4 0
0 2017 317 2 1 0  7  -9.5  1475  0.2 0
0 2017 318 2 1 0  7   6.7  7710 -0.1 0
0 2017 319 2 0 1  7   9.5  6606  0.1 0
0 2017 320 2 0 1  7  -0.2  8261  0.4 0
0 2017 321 2 0 1  7  -7.6  6453  0.1 0
0 2017 324 2 1 1  7   2.8   659 -0.9 0
0 2017 325 2 0 0  6   3.1  2290  0.0 0
0 2017 326 2 0 1  7   5.1  5511  0.6 0
0 2017 328 2 0 1  7  -0.6  5427 -0.7 0
0 2017 331 2 1 1  7  -9.4  9779  0.5 0
0 2017 332 2 0 1  7   2.2  2793  0.6 0
0 2017 333 2 1 0  7  -9.2  9380 -0.7 0
0 2017 334 2 0 1  7   5.6  7726 -0.9 0
0 2017 335 3 0 1  7  -0.4  5140 -0.5 0
0 2017 338 3 1 0  7   7.4  4331  0.9 0
0 2017 339 3 1 1  8  -2.4  4735 -0.4 0
0 2017 340 3 1 1  8  -2.7  1996  0.8 0
0 2017 341 3 0 1  8  -2.6   689 -0.1 0
0 2017 342 3 0 1  8   3.7  4442  0.7 0
0 2017 345 3 0 0  8   7.1  8700 -0.3 0
0 2017 346 3 1 0  7   9.7  2252 -1.0 0
0 2017 347 3 0 1  7   6.6  3267 -0.1 0
0 2017 348 3 0 1  7   3.6   611 -0.5 0
0 2017 349 3 0 1  8   2.6  3052 -0.1 0
0 2017 352 3 1 1  8  -2.8  7444  1.0 0
0 2017 353 3 1 0  8  -5.1  1845  0.0 0
0 2017 354 3 1 1  8  -2.5  9302 -0.4 0
0 2017 355 3 0 1  8   7.1  1562 -0.5 0
0 2017 356 3 1 0  8   1.4  4374  0.0 0
0 2017 360 3 1 1  8  -8.5  1936  0.4 1
0 2017 361 3 0 0  8  -7.0  4833  0.1 0
0 2017 362 3 0 1  8   0.6  8998  0.5 0
0 2017 363 3 0 0  8   5.2  1341  0.6 0
0 2018   2 0 0 0  8   4.0  8281 -0.4 0
0 2018   3 0 1 1  7  -4.8  9554  0.5 0
0 2018   4 0 1 0  7  -8.6  9155  0.4 0
0 2018   5 0 0 1  7  -8.2   742  0.3 1
0 2018   8 0 0 1  7  -9.2  4703  0.3 0
0 2018   9 0 0 1  7  -0.3  7348  0.2 0
0 2018  10 0 1 0  7  -1.1  1943 -0.5 1
0 2018  11 0 1 0  8  -2.4  7585  0.7 0
0 2018  12 0 0 1  7   8.5  1848 -0.9 0
0 2018  16 0 1 1  7  -4.8  1102 -0.7 1
0 2018  17 0 0 0  6   1.2  3839  0.7 0
0 2018  18 0 1 1  6   8.7  9438  0.0 0
0 2018  19 0 0 1  7   6.9  8540 -0.3 0
0 2018  22 0 1 1  7  -5.6  6999  0.7 0
0 2018  23 0 0 1  7   0.6  6688 -0.6 0
0 2018  24 0 0 1  6   8.1  2365  0.4 0
0 2018  25 0 0 0  6  -3.8  4177 -0.4 0
0 2018  26 0 1 1  6  -8.7  4398  0.2 0
0 2018  29 0 0 0  7   4.3  3555  0.5 0
0 2018  30 0 1 1  6  -5.2  1922  0.5 0
0 2018  31 0 1 0  6  -2.8  6236  0.4 0
0 2018  32 0 0 0  6   8.4  7692  0.0 0
0 2018  33 0 1 1  5  -6.3   265 -0.2 0
0 2018  36 0 0 0  5   4.5  4026  0.5 0
0 2018  37 0 0 0  5   8.5  8037  0.4 0
0 2018  38 0 0 1  5   3.8   962  0.6 0
0 2018  39 0 0 0  5   0.5  2252  1.0 0
0 2018  40 0 0 0  5   5.8  7916  0.5 0
0 2018  43 0 0 0  5   3.7  4697 -1.0 0
0 2018  44 0 1 0  5  -7.6  8591 -0.6 0
0 2018  45 0 0 0  5   0.3  7520  0.8 0
0 2018  46 0 0 0  4   6.6   519 -0.8 0
0 2018  47 0 0 1  5  -7.9  8189  0.3 1
0 2018  51 0 0 0  5  -4.2  3463  0.8 1
0 2018  52 0 0 0  5  -9.2  2938  0.0 0
0 2018  53 0 1 1  5  -8.1  4903 -0.5 0
0 2018  54 0 1 0  5   8.9  2292 -0.8 0
0 2018  57 0 0 1  6  -1.3  9915  0.9 0
0 2018  58 0 1 0  5   1.5  8038 -0.3 0
0 2018  59 0 0 0  5  -7.9  4839 -0.3 0
0 2018  60 0 1 0  6  -1.9  5909 -0.7 0
0 2018  61 0 0 0  5   1.0  7353  0.7 0
0 2018  64 0 0 1  5   5.3  5315  0.2 0
0 2018  65 0 1 0  5  -3.8  9370  0.6 0
0 2018  66 0 0 0  5   1.1  4521  0.3 0
0 2018  67 0 0 0  5   2.6  9728  0.9 0
0 2018  68 0 0 1  5   5.8  6224  0.0 0
0 2018  71 0 0 0  5  -2.4  5253  0.9 0
0 2018  72 0 0 0  5  -2.6  8044  0.8 0
0 2018  73 0 1 0  6  -4.9  9703  0.7 0
0 2018  74 0 0 0  5  -2.6  1133  0.3 0
0 2018  75 0 0 0  5  -0.4  1211  0.4 0
0 2018  78 0 0 1  6   7.7  6853  0.7 0
0 2018  79 0 0 1  6  -7.9  1791 -0.3 0
0 2018  80 0 0 0  6   0.2  5432  0.3 0
0 2018  81 0 0 1  6   7.6  9424 -0.3 0
0 2018  82 0 1 1  6  -1.2   402  0.5 0
0 2018  85 0 1 0  6  -2.1  5620  0.4 0
0 2018  86 0 0 1  6  -8.3  4919 -0.9 0
0 2018  87 0 0 0  6  -5.8  3996  0.6 1
0 2018  88 0 0 1  6  -5.3  3053  1.0 0
0 2018  89 0 0 1  6   0.9  6370 -1.0 0
0 2018  92 1 0 0  5  -7.4  8796 -0.5 0
0 2018  93 1 1 0  6  -2.0  9780  0.2 0
0 2018  94 1 0 0  6   8.0  4873  0.9 0
0 2018  95 1 0 0  6  -0.5  2316  0.6 0
0 2018  96 1 0 0  6   3.7  2838  0.7 0
0 2018  99 1 0 1  6  -0.9   157  0.5 0
0 2018 100 1 0 0  6   7.5  8056  0.3 0
0 2018 101 1 0 0  6  -4.4  4785 -0.9 0
0 2018 102 1 0 0  6   9.6  8115  0.7 0
0 2018 103 1 1 0  7   3.8   681  0.4 0
0 2018 106 1 1 0  7  -2.4   528  0.4 1
0 2018 107 1 1 0  7  -4.7  9632  0.1 0
0 2018 108 1 1 0  8  -8.5  9340  0.1 1
0 2018 109 1 0 1  8   3.1  1560 -0.6 0
0 2018 110 1 1 0  8  -6.8  2174 -0.3 0
0 2018 113 1 0 1  8   6.1  4402  1.0 0
0 2018 114 1 0 1  7   3.1  4558  0.1 0
0 2018 115 1 0 0  8  -7.7  7511  1.0 0
0 2018 116 1 0 0  7   0.9  3470  0.5 0
0 2018 117 1 1 1  7   2.4  5631 -0.9 0
0 2018 120 1 1 0  8  -6.0  7230  0.4 0
0 2018 121 1 0 0  8  -6.0  4489 -0.8 1
0 2018 122 1 1 0  8  -2.2  3836  0.3 0
0 2018 123 1 0 0  8   7.4  7291 -1.0 0
0 2018 124 1 1 0  8   2.2  1160 -0.3 0
0 2018 127 1 1 0  8  -6.5  6270 -0.6 0
0 2018 128 1 1 1  8  -1.1  3490  1.0 0
0 2018 129 1 1 1  8  -7.5  2293 -0.7 0
0 2018 130 1 1 0  7  -7.9  4065  0.7 1
0 2018 131 1 1 0  8  -2.3  3366  0.6 0
0 2018 134 1 1 1  8  -3.9  8108  0.2 0
0 2018 135 1 1 1  8  -1.9  2162  0.2 0
0 2018 136 1 0 0  9   9.7  1195 -1.0 0
0 2018 137 1 0 1  9   0.1  8300 -0.1 0
0 2018 138 1 0 0  9   3.7  8808  0.9 0
0 2018 141 1 1 1  9  -6.1  8788  0.0 0
0 2018 142 1 0 1  9   7.8  7167 -0.3 0
0 2018 143 1 1 0  9  -2.1  2877 -0.7 0
0 2018 144 1 0 1  9   8.4  4247 -0.5 0
0 2018 145 1 0 1  9  -9.3  5488  0.3 0
0 2018 149 1 0 0  9  -0.8   908  0.5 0
0 2018 150 1 0 1  9   7.2  1889 -0.3 0
0 2018 151 1 1 0  9  -0.7  6274 -0.6 0
0 2018 152 1 0 1  9   6.7  6870 -0.3 0
0 2018 155 1 0 0  8  -0.5  1956  0.6 0
0 2018 156 1 0 0  8   0.2  1129  0.4 0
0 2018 157 1 0 1  8  -0.6  3287 -0.1 0
0 2018 158 1 0 0  8   2.6  3201  0.7 0
0 2018 159 1 1 1  8  -1.2   157  0.0 0
0 2018 162 1 0 1  7   3.5  3902  0.3 0
0 2018 163 1 0 1  7  -4.1  8515  0.3 0
0 2018 164 1 0 1  7   0.0  1226  0.8 0
0 2018 165 1 0 0  6  -2.0  6438  0.0 0
0 2018 166 1 0 0  7   4.9  1785 -0.6 0
0 2018 169 1 0 0  6   9.7  3401  0.4 0
0 2018 170 1 1 0  7   8.0  9884 -0.9 0
0 2018 171 1 0 1  7   0.1  8412 -0.9 0
0 2018 172 1 0 1  7   1.5  9108  0.7 0
0 2018 173 1 0 1  7   9.9  3641 -0.6 0
0 2018 176 1 0 1  6   5.0  4240 -0.8 0
0 2018 177 1 0 1  6  -1.6  2007 -0.9 0
0 2018 178 1 0 0  6   2.7   483  0.2 0
0 2018 179 1 0 0  6  -6.2   567  0.9 0
0 2018 180 1 0 1  6  -8.5  1437 -0.2 0
0 2018 183 1 0 0  6   3.9   319  0.2 0
0 2018 184 1 0 1  7   2.8  5269  0.2 0
0 2018 186 1 1 1  7  -2.9   959  0.5 1
0 2018 187 1 1 1  7  -3.2  8743 -0.9 0
0 2018 190 1 1 1  7  -5.6  2885 -0.3 1
0 2018 191 1 0 1  7   4.5  9234 -0.6 0
0 2018 192 1 0 1  7  -2.1  2876  0.5 0
0 2018 193 1 0 1  7   5.7  3300 -0.6 0
0 2018 194 1 1 1  7  -6.3  9611 -0.6 1
0 2018 197 1 0 1  7   0.1  9601 -0.7 0
0 2018 198 1 1 1  7   6.3  7982  1.0 0
0 2018 199 1 0 1  7  -0.9  3657  0.8 0
0 2018 200 1 1 1  7 -10.0  9385  0.2 0
0 2018 201 1 1 0  7   5.6  3619  1.0 0
0 2018 204 1 0 1  7  -1.9  2750  1.0 0
0 2018 205 1 0 0  7   1.4   186 -0.2 0
0 2018 206 1 1 1  7  -8.8  6323  0.4 0
0 2018 207 1 1 0  7  -7.5  7855  0.8 0
0 2018 208 1 1 0  7  -1.9  4278 -0.7 0
0 2018 211 1 1 1  8  -7.7  5536  0.9 0
0 2018 212 1 0 0  8   1.1  2573 -0.9 0
0 2018 213 2 0 0  8   8.6  8849 -0.2 0
0 2018 214 2 0 0  8   2.5  2516 -0.9 0
0 2018 215 2 1 1  8  -4.9  1589 -1.0 0
0 2018 218 2 0 0  8  10.0  6512  0.5 0
0 2018 219 2 0 1  7  -0.3  6052 -0.5 0
0 2018 220 2 1 1  7  -8.5  2476 -0.7 1
0 2018 221 2 0 1  7  -0.1  8561  0.3 0
0 2018 222 2 1 1  7  -2.4  1293  0.2 1
0 2018 225 2 0 1  7   5.8  2415 -0.7 0
0 2018 226 2 1 0  7  -5.1  2067 -0.9 0
0 2018 227 2 1 0  7   5.2  4225  0.0 0
0 2018 228 2 1 1  7  -1.7  4525  0.6 0
0 2018 229 2 0 1  7   0.6  2451 -0.6 0
0 2018 232 2 1 1  6   9.9  1654 -0.1 0
0 2018 233 2 0 0  7   4.6  9977  0.5 0
0 2018 234 2 0 0  7  -9.1  6484  0.0 0
0 2018 235 2 1 1  7  -1.4  4965 -0.1 0
0 2018 236 2 0 1  6   9.0  7259  0.0 0
0 2018 239 2 0 0  6   0.4  7937  0.6 0
0 2018 240 2 0 0  6   2.9  6609 -0.6 0
0 2018 241 2 0 0  6  -4.9   944 -0.3 0
0 2018 242 2 0 0  6   0.1  2029 -1.0 0
0 2018 243 2 1 1  6   4.1  5730  0.1 0
0 2018 247 2 0 0  6  -0.2   813 -0.5 0
0 2018 248 2 0 1  6  -4.8  4408  1.0 0
0 2018 249 2 0 0  5  -6.7  2837  0.9 0
0 2018 250 2 0 0  5   8.1  4511  0.3 0
0 2018 253 2 0 0  5   3.3  6506  0.8 0
0 2018 254 2 0 0  5   6.5  9728  0.9 0
0 2018 255 2 1 0  5  -1.7  4536 -0.2 0
0 2018 256 2 1 0  5  -8.6  9830  0.2 0
0 2018 257 2 0 1  4   0.7  6628  0.2 0
0 2018 260 2 0 1  4   8.2  3643  0.7 0
0 2018 261 2 1 0  4  -5.7  9146 -0.5 0
0 2018 262 2 0 0  4   7.4  5499  1.0 0
0 2018 263 2 0 0  5  -1.6  6089 -0.2 0
0 2018 264 2 0 1  5   5.8  1166  0.5 0
0 2018 267 2 0 1  5  -8.7  2470 -0.6 1
0 2018 268 2 0 0  4   8.3  2954 -0.8 0
0 2018 269 2 0 0  4  -3.0  3430 -0.5 0
0 2018 270 2 0 0  4   0.9  6609  0.3 0
0 2018 271 2 1 0  4  -9.7  5279  0.6 0
0 2018 274 2 0 0  3  -6.7  1682  0.2 0
0 2018 275 2 0 1  3   3.3  9770  0.6 0
0 2018 276 2 0 0  4  -0.9  3087 -0.5 0
0 2018 277 2 0 0  4  -6.7  3460 -1.0 0
0 2018 278 2 0 0  3   6.3  4190  0.7 0
0 2018 282 2 0 0  4  -8.8  1897  0.3 0
0 2018 283 2 1 0  4  -9.8  4933  0.3 0
0 2018 284 2 0 0  4  -7.4  8381  0.9 0
0 2018 285 2 1 0  4  -3.3  8571 -0.4 0
0 2018 288 2 0 1  4   2.3  5416 -0.3 0
0 2018 289 2 1 1  4  -6.2  1475  0.6 0
0 2018 290 2 0 0  5  -3.3  7606 -0.9 0
0 2018 291 2 1 0  5  -2.0  6979 -0.7 1
0 2018 292 2 1 0  5  -0.9  7171  0.9 0
0 2018 295 2 0 0  4   0.2  7479 -0.2 0
0 2018 296 2 0 1  5  -5.8  1852 -0.6 0
0 2018 297 2 0 0  5   4.5  7178 -0.5 0
0 2018 298 2 0 0  5   8.6  2140  0.5 0
0 2018 299 2 1 0  5  -2.0   202  0.6 1
0 2018 302 2 0 0  5   3.3  1560  0.3 0
0 2018 303 2 0 1  5   4.2   894 -1.0 0
0 2018 304 2 1 0  5  -8.1  8055  0.0 0
0 2018 305 2 0 0  5   0.3  3850 -0.8 0
0 2018 306 2 0 0  5  -7.0  8148  1.0 0
0 2018 309 2 0 0  6   5.4  4990  0.6 0
0 2018 310 2 0 0  6  -4.3  7445  0.0 0
0 2018 311 2 0 1  6  -7.1  1596 -0.3 0
0 2018 312 2 1 1  6  -7.3   750 -0.5 0
0 2018 313 2 1 1  6  -7.0  6437 -0.4 0
0 2018 317 2 0 1  6   7.2  9647 -0.7 0
0 2018 318 2 0 0  6   2.7    71  0.6 0
0 2018 319 2 0 0  6   9.9  2903  0.8 0
0 2018 320 2 1 1  6  -1.8  8259  0.2 0
0 2018 323 2 1 1  6  -2.5  7419 -0.6 0
0 2018 324 2 0 1  6  -2.0  9069  1.0 0
0 2018 325 2 1 1  7  -6.7  2913  0.6 0
0 2018 327 2 0 1  7   7.0  6839  0.7 0
0 2018 330 2 1 0  6  -6.3   869 -0.9 0
0 2018 331 2 0 1  6  -8.5  4835 -0.4 0
0 2018 332 2 1 1  6  -4.3  9195  0.2 0
0 2018 333 2 0 1  7  -0.1  6825  0.0 0
0 2018 334 2 1 1  7   1.3  3695  1.0 0
0 2018 337 3 1 0  7   9.8  3170 -0.1 0
0 2018 338 3 1 0  7  -7.0  6180 -0.9 0
0 2018 339 3 1 1  7  -1.6  7640 -0.6 0
0 2018 340 3 0 1  7  -2.3  8037  0.8 0
0 2018 341 3 0 0  7   2.9  2611  0.3 0
0 2018 344 3 1 1  8  -1.6  5911 -0.1 1
0 2018 345 3 1 1  8  -9.8  1879  0.1 0
0 2018 346 3 1 0  8  -1.8  6248 -0.7 1
0 2018 347 3 1 0  8   3.0  7300  0.5 0
0 2018 348 3 1 1  9  -5.8  8814  0.7 0
0 2018 351 3 1 1  9  -7.4  3368  0.7 0
0 2018 352 3 0 0  8   7.5  2519 -1.0 0
0 2018 353 3 1 1  8   4.2  1154  0.8 0
0 2018 354 3 1 1  8  -2.0   276  0.2 0
0 2018 355 3 0 1  8   7.9  1189  0.1 0
0 2018 358 3 1 1  8   9.5  7170  0.2 0
0 2018 360 3 0 1  8   0.0  8941 -0.1 0
0 2018 361 3 1 0  8   8.6  6113 -1.0 0
0 2018 362 3 1 1  8   3.7  8970 -0.8 0
0 2018 365 3 0 1  8   6.5  8397 -0.6 0
0 2019   2 0 0 0  8   4.5   891  0.7 0
0 2019   3 0 0 1  7   8.5  9512  0.5 0
0 2019   4 0 0 1  7  -8.3  3170  0.0 0
0 2019   7 0 0 0  7   4.5  5971  0.0 0
0 2019   8 0 0 1  7   6.4  7145 -0.2 0
0 2019   9 0 0 1  7  -0.9  5004  0.5 0
0 2019  10 0 1 0  7  -6.5  8824 -0.4 0
0 2019  11 0 1 1  7  -9.3  9533  0.8 0
0 2019  14 0 1 1  8   2.0  2435  0.1 0
0 2019  15 0 0 1  7   2.8  8362 -0.8 0
0 2019  16 0 0 1  8   5.7  2717  0.6 0
0 2019  17 0 1 0  8  -6.3  7921  0.1 0
0 2019  18 0 0 0  8   3.2  5918  0.2 0
0 2019  22 0 1 0  8   8.0  8542  1.0 0
0 2019  23 0 1 0  8   6.7  6201  0.1 0
0 2019  24 0 1 1  8  -4.3  8460  0.2 0
0 2019  25 0 1 0  8  -6.5  7207 -0.5 0
0 2019  28 0 1 1  8  -7.0  3773  0.3 0
0 2019  29 0 0 0  8   0.5   367 -0.3 0
0 2019  30 0 1 1  7   4.6  2406 -0.9 0
0 2019  31 0 0 1  8   6.3   305 -0.1 0
0 2019  32 0 1 1  8  -4.4  6730  0.9 0
0 2019  35 0 0 0  8  -5.8  5614  0.4 0
0 2019  36 0 0 1  8   2.9  6877 -0.6 0
0 2019  37 0 0 1  8   3.6  8246 -0.7 0
0 2019  38 0 0 1  8   9.8  7069  0.6 0
0 2019  39 0 1 1  8   2.3  6246  0.1 0
0 2019  42 0 1 0  8  -6.6  4170  0.5 0
0 2019  43 0 1 0  8  -9.9   116  0.8 0
0 2019  44 0 0 1  7  -7.3  2535  0.3 0
0 2019  45 0 0 1  7   7.4  6511 -0.4 0
0 2019  46 0 1 1  7  -3.6  5024  0.8 1
0 2019  50 0 0 0  8   1.4  2650 -0.7 0
0 2019  51 0 0 1  8   8.0   852 -0.5 0
0 2019  52 0 0 0  8   5.3  7133 -0.8 0
0 2019  53 0 0 1  8   0.2  8536 -0.1 0
0 2019  56 0 0 1  8   1.2   175 -0.4 0
0 2019  57 0 0 0  8   3.0  8451 -0.3 0
0 2019  58 0 1 1  9  -7.8  4520  0.2 0
0 2019  59 0 1 1  8  -7.7  9004 -0.1 0
0 2019  60 0 0 0  8  -5.1  7450  0.2 0
0 2019  63 0 1 1  8  -7.1  8409 -0.2 0
0 2019  64 0 0 1  8   9.7  3985  0.0 0
0 2019  65 0 1 0  7  -7.1  4224 -0.8 0
0 2019  66 0 0 0  7  -1.0  8462  0.7 0
0 2019  67 0 1 0  7  -1.3  1245  0.7 1
0 2019  70 0 0 0  8   7.4  3115  0.5 0
0 2019  71 0 0 0  7  -3.7  5833 -0.6 1
0 2019  72 0 0 1  7   3.8   692  0.5 0
0 2019  73 0 1 0  7  -3.0  8041 -0.5 0
0 2019  74 0 0 1  7   0.8  7836  0.7 0
0 2019  77 0 0 1  7  -7.0  8490  0.4 0
0 2019  78 0 1 1  6  -3.4  3066  0.7 0
0 2019  79 0 0 0  6   0.7  6099  0.1 0
0 2019  80 0 1 1  6  -4.2  1636 -0.2 0
0 2019  81 0 0 1  7   2.1   159 -0.5 0
0 2019  84 0 1 0  7  -2.0  7972 -0.1 0
0 2019  85 0 1 0  6  -3.5  7807  1.0 0
0 2019  86 0 0 1  6  -3.5  5638 -1.0 0
0 2019  87 0 0 0  7   6.6  8821 -0.5 0
0 2019  88 0 0 1  7   1.4  1284  0.2 0
0 2019  91 1 0 1  7  -1.4  6911  1.0 0
0 2019  92 1 0 1  7  -2.0  5191  1.0 0
0 2019  93 1 0 0  7  -0.8  9616  0.6 0
0 2019  94 1 0 0  7   6.9  4122 -0.8 0
0 2019  95 1 1 0  7  -8.7   431  0.2 0
0 2019  98 1 0 1  7  -0.1  5068 -0.3 0
0 2019  99 1 0 1  8  -9.3   575  0.1 1
0 2019 100 1 0 1  7   1.3  2213  0.7 0
0 2019 101 1 0 0  8   3.4  8745 -0.1 0
0 2019 102 1 0 1  7   0.5  4256 -0.6 0
0 2019 105 1 0 1  7   2.0  8767 -1.0 0
0 2019 106 1 1 0  7  -2.6  9781 -0.3 1
0 2019 107 1 0 1  7   8.3  6385  0.2 0
0 2019 108 1 0 0  8   5.6  4454 -0.1 0
0 2019 109 1 1 0  7  -6.6  4744 -0.7 0
0 2019 112 1 0 0  7  -8.8  8764 -1.0 0
0 2019 113 1 1 0  7  -4.1  1477 -0.6 0
0 2019 114 1 1 0  7   7.8   519  0.0 0
0 2019 115 1 0 1  7   3.9  7702 -0.5 0
0 2019 116 1 0 1  6   9.6  4078  0.2 0
0 2019 119 1 0 0  6   9.7  1539  0.6 0
0 2019 120 1 1 1  7  -6.0   691  0.7 0
0 2019 121 1 0 0  7  -4.5  1850 -0.3 0
0 2019 122 1 1 1  7  -9.8   688  0.8 0
0 2019 123 1 0 0  7  -7.7  5544  1.0 0
0 2019 126 1 1 1  7   2.4  3812  0.0 0
0 2019 127 1 0 1  6  -5.1   349  0.2 0
0 2019 128 1 0 0  6   7.8  8029 -0.4 0
0 2019 129 1 0 0  7   5.3  9085 -0.5 0
0 2019 130 1 1 1  6 -10.0  8289  0.2 0
0 2019 133 1 1 1  6  -8.4  8830  0.2 0
0 2019 134 1 0 1  6  -1.8  1809 -0.7 0
0 2019 135 1 0 0  6   2.4  3139 -0.7 0
0 2019 136 1 0 0  6   5.1  4193 -0.9 0
0 2019 137 1 0 0  6   2.5  1310  0.4 0
0 2019 140 1 0 0  6  -0.6   955  0.9 0
0 2019 141 1 0 0  6   3.2  1591 -0.7 0
0 2019 142 1 0 0  6   6.0  2931  0.7 0
0 2019 143 1 0 0  6   1.7  6997 -0.7 0
0 2019 144 1 0 1  5   5.3  7258  0.1 0
0 2019 148 1 0 0  5   6.2  7054  0.0 0
0 2019 149 1 1 1  6  -3.5  5898  0.4 1
0 2019 150 1 0 0  6  -2.3   107 -0.1 0
0 2019 151 1 0 0  6   4.1  8376  0.7 0
0 2019 154 1 0 0  6  -3.3  6014  0.8 0
0 2019 155 1 1 1  5  -8.1  5319  0.5 0
0 2019 156 1 1 1  6  -2.4   612  0.8 0
0 2019 157 1 1 0  5  -7.0  3714  1.0 0
0 2019 158 1 0 0  5   3.4   674  0.0 0
0 2019 161 1 0 0  5   8.7  6436  0.4 0
0 2019 162 1 0 0  5  -6.3  2165  0.0 0
0 2019 163 1 0 0  4   2.8  7118 -0.6 0
0 2019 164 1 0 0  5   4.3  8589 -0.3 0
0 2019 165 1 0 0  5  -7.2  6776  0.3 0
0 2019 168 1 0 1  4  -1.1  7245  0.9 0
0 2019 169 1 0 0  4   9.3  1405 -0.7 0
0 2019 170 1 0 0  4  -2.7   225  0.0 0
0 2019 171 1 0 0  4   3.7  3471 -0.4 0
0 2019 172 1 0 0  5   7.7   301  0.2 0
0 2019 175 1 1 0  4   7.8  4444 -0.9 0
0 2019 176 1 0 0  5   6.8  5901 -0.7 0
0 2019 177 1 0 0  4   8.1  1631  0.0 0
0 2019 178 1 0 0  5   4.3   352 -0.9 0
0 2019 179 1 0 1  5  -1.2  5765  0.1 0
1 2017   3 0 0 0  5  -0.1   482  0.7 0
1 2017   4 0 0 0  5   8.6  6262  0.6 0
1 2017   5 0 0 1  4  -6.1  6987 -0.1 0
1 2017   6 0 1 1  4  -4.9  2262 -0.1 0
1 2017   9 0 0 0  5   6.7  9254 -0.5 0
1 2017  10 0 0 0  5  -6.3   483  0.0 0
1 2017  11 0 0 0  5   8.9  4485 -0.6 0
1 2017  12 0 0 0  5  -3.2  9922  0.8 0
1 2017  13 0 1 0  5  -6.6  8230  0.9 0
1 2017  17 0 1 0  5  -5.9  3166 -0.3 0
1 2017  18 0 1 0  5   9.0  3323 -0.4 0
1 2017  19 0 1 1  5  -1.7  7496 -0.3 0
1 2017  20 0 0 0  5   9.0  9370  0.9 0
1 2017  23 0 0 0  5   1.6   694 -0.3 0
1 2017  24 0 0 0  5   6.1   807 -0.4 0
1 2017  25 0 0 1  5   0.8  4823  0.9 0
1 2017  26 0 1 0  4   2.8  1854 -0.5 0
1 2017  27 0 1 0  4   1.5   408 -0.5 0
1 2017  30 0 0 1  4  -1.8  2686 -0.7 0
1 2017  31 0 0 0  4   3.0  2619  0.2 0
1 2017  32 0 0 1  4  -6.2  2656 -0.6 0
1 2017  33 0 1 0  4   6.0  2960 -0.7 0
1 2017  34 0 0 0  4   2.7  8169  0.7 0
1 2017  37 0 0 0  4   1.6  6719  0.4 0
1 2017  38 0 0 0  4   4.2  3401 -0.9 0
1 2017  39 0 0 0  4   4.7  9884 -0.1 0
1 2017  40 0 0 0  3  -2.8  9747  0.8 0
1 2017  41 0 0 1  3  -2.4  5289  0.1 0
1 2017  44 0 0 0  3  -6.9  4496  0.0 0
1 2017  45 0 0 0  2   8.6  8666 -0.8 0
1 2017  46 0 1 0  2   5.5  5185 -0.2 0
1 2017  47 0 0 0  2   3.3  8154  0.5 0
1 2017  48 0 0 1  2  -7.0   392  0.4 0
1 2017  52 0 0 1  2  -1.5  5728  0.7 0
1 2017  53 0 0 1  1  -2.4  8301  0.7 0
1 2017  54 0 0 1  2  -9.3  2877 -0.4 1
1 2017  55 0 0 0  2   2.3  2545  1.0 0
1 2017  58 0 0 0  2   9.0   917  0.6 0
1 2017  59 0 0 0  2   7.5  5434  0.1 0
1 2017  60 0 0 0  2   3.6  2719  0.8 0
1 2017  61 0 0 0  1  -2.0   518 -0.2 0
1 2017  62 0 0 0  1  -2.3  2867 -0.7 0
1 2017  65 0 0 0  1   2.8  2524 -0.4 0
1 2017  66 0 0 0  1   9.6  1609  0.6 0
1 2017  67 0 0 0  1   3.3  1897 -1.0 0
1 2017  68 0 0 0  1  -8.9  1689  0.6 0
1 2017  69 0 0 0  1  -4.9  3154 -0.1 0
1 2017  72 0 0 0  1  -9.7  9168  0.6 0
1 2017  73 0 0 0  1   4.6  4011 -0.5 0
1 2017  74 0 0 0  1   2.0   826 -0.7 0
1 2017  75 0 0 0  1   6.1  7304  0.9 0
1 2017  76 0 0 1  1  -8.0  7629  0.8 0
1 2017  79 0 0 0  2   8.1  7625  0.5 0
1 2017  80 0 0 0  2   0.0  3004  0.0 0
1 2017  81 0 0 0  2  -1.1  7842  0.4 0
1 2017  82 0 0 0  2   8.2  1752  0.0 0
1 2017  83 0 0 0  2  -3.9  3992  0.7 0
1 2017  86 0 0 0  2   1.1  9293  0.0 0
1 2017  87 0 0 0  2   4.6  7972 -0.7 0
1 2017  88 0 0 0  2   0.3  1140  0.9 0
1 2017  89 0 0 0  2   6.9  1007 -0.8 0
1 2017  90 0 0 0  2   9.3  2403 -0.6 0
1 2017  93 1 0 1  2  -1.9  4910  0.8 1
1 2017  94 1 0 0  2  -7.8  9547 -1.0 0
1 2017  95 1 0 0  2   4.0   870 -1.0 0
1 2017  96 1 0 0  2  -4.0  7073  0.8 0
1 2017  97 1 0 0  3   2.1  2278 -0.4 0
1 2017 100 1 0 0  2   7.1  2056 -0.6 0
1 2017 101 1 0 1  3  -6.6  1387 -0.6 0
1 2017 102 1 0 1  2  -5.4  7444  0.6 0
1 2017 103 1 0 0  2   2.7  3878  0.6 0
1 2017 104 1 1 0  1   2.3  6038 -0.7 0
1 2017 107 1 0 0  2   9.2  4578  0.4 0
1 2017 108 1 0 0  2   6.9  1279  1.0 0
1 2017 109 1 0 1  2  -9.8  7681  0.4 0
1 2017 110 1 0 0  2  -2.6  2744 -0.9 0
1 2017 111 1 0 0  2   6.1  7752  0.8 0
1 2017 114 1 0 0  2  -2.7  7942 -0.8 0
1 2017 115 1 0 1  2  -3.5   232 -0.7 0
1 2017 116 1 0 0  1  10.0  3869  0.5 0
1 2017 117 1 0 0  2   5.2  2525  0.5 0
1 2017 118 1 0 0  2  -5.8  3454  0.8 0
1 2017 121 1 0 0  2   0.2  7802 -0.1 0
1 2017 122 1 0 0  2  -0.1  7775 -0.2 0
1 2017 123 1 0 0  2   7.3  5172  0.6 0
1 2017 124 1 0 0  2   1.0  4466  0.0 0
1 2017 125 1 0 0  2   7.2  3961  0.8 0
1 2017 128 1 0 0  2  -9.8   138 -0.8 0
1 2017 129 1 0 0  2  -2.8  4127 -0.4 0
1 2017 130 1 0 0  1   5.3  1995 -0.7 0
1 2017 131 1 0 1  2  -5.3  1816 -0.5 0
1 2017 132 1 0 0  1   0.9  5298 -0.2 0
1 2017 135 1 0 1  1  -8.5  4230 -0.2 0
1 2017 136 1 0 1  1  -7.3  2357  0.7 1
1 2017 137 1 0 0  1  -8.2  1153  0.8 0
1 2017 138 1 0 0  0  -9.1  6397 -0.2 0
1 2017 139 1 0 0  1   2.2  7144  0.2 0
1 2017 142 1 0 0  0   7.6  7898 -0.7 0
1 2017 143 1 0 0  0   6.1  1485  0.1 0
1 2017 144 1 0 0  0   6.5  3327 -0.5 0
1 2017 145 1 0 1  0  -7.3  5886  0.5 0
1 2017 146 1 0 0  1   5.1  3907  0.5 0
1 2017 150 1 0 0  1   1.5   268 -0.9 0
1 2017 151 1 0 0  1   6.7  8570  0.4 0
1 2017 152 1 0 1  0  -8.2   604 -0.6 0
1 2017 153 1 0 0  1  -9.7  2822  1.0 0
1 2017 156 1 0 0  0   5.1  1047 -0.7 0
1 2017 157 1 0 0  0  -1.4  6586  0.0 0
1 2017 158 1 0 0  0  -4.6   746  0.8 0
1 2017 159 1 0 0  0  -5.8  7187 -0.3 0
1 2017 160 1 0 0  1  -9.6  7978 -0.8 0
1 2017 163 1 0 0  1   9.7  7798 -0.6 0
1 2017 164 1 0 0  1   5.6   616  0.9 0
1 2017 165 1 0 0  1  -1.1  6861 -1.0 0
1 2017 166 1 0 0  1   9.4  8842  0.6 0
1 2017 167 1 0 0  1  -6.2  7772  0.5 0
1 2017 170 1 0 0  1  -1.5  7424 -0.9 0
1 2017 171 1 0 0  1   3.1  1901 -0.8 0
1 2017 172 1 0 0  0   7.3  5336 -0.3 0
1 2017 173 1 0 0  1  -0.4  3615 -0.8 0
1 2017 174 1 0 0  1   1.6  2917  0.2 0
1 2017 177 1 0 0  1  -1.5  2084 -0.9 0
1 2017 178 1 0 0  1  -5.7  5629 -0.3 0
1 2017 179 1 0 0  0   4.1  3763 -0.8 0
1 2017 180 1 0 0  0   1.8  4573 -1.0 0
1 2017 181 1 0 0  0   5.1  2440  0.8 0
1 2017 184 1 0 0  1   2.9   550  0.3 0
1 2017 186 1 0 0  1  -3.9  1361  0.7 0
1 2017 187 1 0 0  0  -7.7   260  0.5 0
1 2017 188 1 0 0  1   1.8  2271  0.2 0
1 2017 191 1 0 0  0   6.0  1158  0.2 0
1 2017 192 1 0 0  0   5.6  8887  0.8 0
1 2017 193 1 0 0  0  -8.6  8433  0.1 0
1 2017 194 1 0 0  0   4.3  1097  0.7 0
1 2017 195 1 0 0  0   2.2  9504 -0.4 0
1 2017 198 1 0 0  0   0.8  4540 -0.9 0
1 2017 199 1 0 0  0   8.1  8714  0.7 0
1 2017 200 1 0 0  0  -8.4  3085  0.4 1
1 2017 201 1 0 1  0  -7.2  2424  0.5 0
1 2017 202 1 0 0  0  -6.7  7764  0.1 0
1 2017 205 1 0 0  0   3.3  5503  0.3 0
1 2017 206 1 0 0  1   3.5  8986  0.4 0
1 2017 207 1 0 0  1  -4.2  7933  0.1 0
1 2017 208 1 0 0  1  -5.9  8770 -0.1 1
1 2017 209 1 0 0  0  -7.1   674  0.0 0
1 2017 212 1 0 0  0   7.0  5192  0.1 0
1 2017 213 2 0 1  0  -9.4  6628  0.5 0
1 2017 214 2 0 0  0   2.9  5427  1.0 0
1 2017 215 2 0 0  1   4.6  2409  0.8 0
1 2017 216 2 0 0  1  -9.0  2284  0.7 0
1 2017 219 2 0 0  0   5.5  3197  0.8 0
1 2017 220 2 0 0  0   1.4  1431  0.6 0
1 2017 221 2 0 0  0   7.0  5915  0.2 0
1 2017 222 2 0 1  0  -1.1  5047  0.4 0
1 2017 223 2 0 0  0  -2.7  2683  0.3 0
1 2017 226 2 0 0  0   3.4  5495 -0.8 0
1 2017 227 2 0 1  0  -3.1  6791 -0.5 0
1 2017 228 2 0 0  0   4.1  8037 -0.9 0
1 2017 229 2 0 0  0  -4.3   439 -1.0 0
1 2017 230 2 0 0  0   7.0  4713  0.3 0
1 2017 233 2 0 0  0   2.6  1093  0.9 0
1 2017 234 2 0 0  0   2.1  1959  0.1 0
1 2017 235 2 0 0  0  -1.9  7553 -0.6 0
1 2017 236 2 0 0  0  -2.6  8677  1.0 0
1 2017 237 2 0 0  0   3.9  5285  0.0 0
1 2017 240 2 0 0  0   4.8  5761 -0.6 0
1 2017 241 2 0 0  0  -5.9  1678 -0.4 1
1 2017 242 2 0 0  0   3.4  8717  0.7 0
1 2017 243 2 0 0  0  -6.7   284  0.5 0
1 2017 244 2 0 0  0  -1.3  2821 -0.1 1
1 2017 248 2 0 1  0  -6.8  3438 -0.6 0
1 2017 249 2 0 0  0   1.0   696 -0.4 0
1 2017 250 2 0 0  0  -3.6   709 -0.8 0
1 2017 251 2 0 0  0  -4.9  3027  0.1 0
1 2017 254 2 0 0  0   2.8  3962  0.6 0
1 2017 255 2 0 1  0  -5.1  4617 -0.5 0
1 2017 256 2 0 0  0   8.1  7777  0.1 0
1 2017 257 2 0 0  0  -0.3  6948 -0.4 0
1 2017 258 2 0 0  0   3.3  2226  0.5 0
1 2017 261 2 0 0  0  -7.1  6304 -0.1 0
1 2017 262 2 0 0  0   0.9  3093 -0.8 0
1 2017 263 2 0 0  0   7.2  8055 -0.7 0
1 2017 264 2 0 0  0   7.7  9675 -0.7 0
1 2017 265 2 0 0  0  -4.9  9747  0.2 0
1 2017 268 2 0 0  0  -3.1  6557  0.1 0
1 2017 269 2 0 0  0  -7.3  2001 -0.2 0
1 2017 270 2 0 0  1   2.7   438 -0.5 0
1 2017 271 2 0 0  0  -8.1  8518  0.5 0
1 2017 272 2 0 0  0   3.8  8955 -1.0 1
1 2017 275 2 0 0  0  -0.4  7250  0.4 0
1 2017 276 2 0 0  0  -5.8  8052  0.3 0
1 2017 277 2 0 0  1   7.5  8837  0.8 0
1 2017 278 2 0 0  0   5.1  6189  0.9 0
1 2017 279 2 0 0  0  -6.8  6003  0.1 0
1 2017 283 2 0 0  0  -0.9  6749  0.1 0
1 2017 284 2 0 0  0   7.6  1073 -0.1 0
1 2017 285 2 0 0  0   0.8  9306  0.6 0
1 2017 286 2 0 0  1  -0.4  9344  0.2 0
1 2017 289 2 0 0  0   2.7  8237  0.0 0
1 2017 290 2 0 1  0  -8.1  8779 -0.4 0
1 2017 291 2 0 0  1  -7.7  9473 -0.7 0
1 2017 292 2 0 0  1  -8.1  4945  0.6 0
1 2017 293 2 0 0  1   1.6  8971 -0.5 0
1 2017 296 2 0 0  1   6.9  7656 -0.2 0
1 2017 297 2 0 0  1   4.4   981  0.6 0
1 2017 298 2 0 0  1   1.1  6721  0.0 0
1 2017 299 2 0 0  1  -5.9  4201  0.9 0
1 2017 300 2 0 1  1  -2.1  7604  0.5 0
1 2017 303 2 0 1  1  -3.4  4551  0.7 0
1 2017 304 2 0 0  1  -7.9  5143  0.9 0
1 2017 305 2 0 0  1  -7.7  6502 -0.6 0
1 2017 306 2 0 0  1   9.8  8605 -0.2 0
1 2017 307 2 0 0  1   4.9  6388 -0.3 0
1 2017 310 2 0 0  1   0.4  4166  0.8 0
1 2017 311 2 0 0  1   2.1  4036 -0.2 0
1 2017 312 2 0 0  1  -9.5  9925 -0.9 0
1 2017 313 2 0 0  1   4.1  6302 -0.1 0
1 2017 317 2 0 0  1  -4.0  7248  0.2 0
1 2017 318 2 0 0  1   9.3  3857 -0.1 0
1 2017 319 2 0 0  1   9.6  6656 -0.9 0
1 2017 320 2 0 0  1  -1.5  6920 -0.7 0
1 2017 321 2 0 0  2   8.8  5353  0.4 0
1 2017 324 2 0 0  2   6.4  2229 -1.0 0
1 2017 325 2 0 0  1   3.2  2131  0.9 0
1 2017 326 2 0 0  2  -3.4  2842  0.8 0
1 2017 328 2 1 0  2   4.6  3677 -1.0 0
1 2017 331 2 0 1  2  -5.0  4289 -0.5 0
1 2017 332 2 0 0  2   4.5  1922 -1.0 0
1 2017 333 2 0 1  2  -7.0  3677 -0.4 0
1 2017 334 2 0 1  2  -4.8  9831 -0.4 0
1 2017 335 3 1 0  1  -2.6  4289 -0.3 0
1 2017 338 3 0 0  1  -6.6  5296  0.2 0
1 2017 339 3 0 0  1  -8.5   853  0.0 0
1 2017 340 3 0 0  1   8.1   745 -1.0 0
1 2017 341 3 0 0  1   4.3   673  0.8 0
1 2017 342 3 0 0  1  -7.8  5198  0.6 1
1 2017 345 3 0 0  1  -2.9  5907  0.3 0
1 2017 346 3 0 1  1  -5.8  5169  0.5 0
1 2017 347 3 0 0  1  -6.2   894 -0.3 0
1 2017 348 3 0 0  1   2.6   668  0.4 0
1 2017 349 3 0 0  1  -6.3  2025  0.1 0
1 2017 352 3 1 0  1   6.9  9595 -0.4 0
1 2017 353 3 0 0  1  -8.1  4033  0.5 0
1 2017 354 3 0 0  1   5.1  1737  0.0 0
1 2017 355 3 0 0  1  -3.2  9735 -1.0 0
1 2017 356 3 0 0  1   8.7  9325 -0.6 0
1 2017 360 3 0 0  1  -8.2  8964  0.9 0
1 2017 361 3 0 0  1  -7.8   336 -0.4 0
1 2017 362 3 0 0  1   2.5  7083 -0.1 0
1 2017 363 3 0 0  1  -4.9  8021  0.4 0
1 2018   2 0 0 0  1   5.7  3053  0.3 0
1 2018   3 0 0 0  1   6.5  2540  0.5 0
1 2018   4 0 0 0  1   2.2  4921 -0.6 0
1 2018   5 0 0 0  1   4.5   781  0.7 0
1 2018   8 0 0 0  0   6.9  9313 -0.2 0
1 2018   9 0 0 0  1   1.8  2941 -0.5 0
1 2018  10 0 0 0  0   8.5  7454  0.4 0
1 2018  11 0 0 0  0  -5.3  1281  0.9 0
1 2018  12 0 0 0  0  -9.7  2813  1.0 0
1 2018  16 0 0 0  0   2.4  4961  0.9 0
1 2018  17 0 0 1  0  -2.3  1435 -0.6 0
1 2018  18 0 0 0  0   2.3  2378  1.0 0
1 2018  19 0 0 0  0   9.7  7592 -0.6 0
1 2018  22 0 0 0  0   2.4  7724 -1.0 0
1 2018  23 0 0 0  0  -9.8  1682  1.0 0
1 2018  24 0 0 1  0  -2.6   606  0.5 1
1 2018  25 0 0 0  1  -4.1   994  0.6 0
1 2018  26 0 0 0  1  -7.1  8106  0.9 0
1 2018  29 0 0 0  1  -1.2  7178 -0.3 1
1 2018  30 0 0 0  1   1.9  2148 -0.1 0
1 2018  31 0 0 0  1  -0.8  7738 -0.5 0
1 2018  32 0 0 0  1  -4.9  2561  0.9 0
1 2018  33 0 0 0  0   4.2   770 -1.0 0
1 2018  36 0 0 0  1   2.8   523 -0.8 0
1 2018  37 0 0 0  1  -1.3  5820 -0.9 0
1 2018  38 0 0 0  1   5.4  1706 -0.9 0
1 2018  39 0 0 0  1   5.6  9988 -0.7 0
1 2018  40 0 0 0  1  -0.8  2572 -0.1 0
1 2018  43 0 0 0  1  -0.7  5482 -0.6 0
1 2018  44 0 0 0  0   2.1  5592 -0.1 0
1 2018  45 0 0 0  0   7.0  4021 -0.6 0
1 2018  46 0 0 0  0   0.4  7516  0.6 0
1 2018  47 0 0 0  0   3.2  1140 -0.8 0
1 2018  51 0 0 0  0  -9.1  2473  0.8 0
1 2018  52 0 0 0  0   0.2  9070 -0.1 0
1 2018  53 0 0 0  0   5.6  2406  0.2 0
1 2018  54 0 0 0  1   7.8  5656  1.0 0
1 2018  57 0 0 0  0   8.5  2064  0.6 0
1 2018  58 0 0 0  0   9.3  2621 -1.0 0
1 2018  59 0 0 0  1   8.5  6926  0.6 0
1 2018  60 0 0 0  1  -8.8  2043  0.4 1
1 2018  61 0 0 0  1   4.4  8737  0.9 0
1 2018  64 0 0 0  1  -6.5  6187  0.6 0
1 2018  65 0 0 0  1  -6.3  6974  0.3 0
1 2018  66 0 0 0  1   3.4  6598  0.8 0
1 2018  67 0 0 0  1   1.2  8020  0.3 0
1 2018  68 0 0 0  1   8.0  8408  0.6 0
1 2018  71 0 0 0  1  -0.6  1945  0.9 0
1 2018  72 0 0 0  1  -2.2  6135 -0.1 0
1 2018  73 0 0 0  1  -2.2  4644 -0.4 0
1 2018  74 0 0 0  1   2.3  9389 -0.1 0
1 2018  75 0 0 0  1   5.5  2175 -0.6 0
1 2018  78 0 0 0  1  -1.7  1463  0.9 0
1 2018  79 0 0 0  1   7.1  7259 -0.2 0
1 2018  80 0 0 0  2   8.1  5060  0.7 0
1 2018  81 0 0 0  2   9.3   866  0.8 0
1 2018  82 0 0 0  2   3.6  2944 -1.0 0
1 2018  85 0 0 0  2  -7.9  8741  0.9 0
1 2018  86 0 0 0  2  -5.4  6798 -1.0 0
1 2018  87 0 0 1  1  -6.4  2992 -0.2 0
1 2018  88 0 0 0  2  -5.4   445 -0.9 0
1 2018  89 0 0 0  2  -7.0   849 -0.4 0
1 2018  92 1 0 0  2  -3.2   993  0.0 0
1 2018  93 1 0 0  2  -9.6  4409  0.7 0
1 2018  94 1 0 0  2   0.4  7306 -0.8 0
1 2018  95 1 0 1  2  -5.7  4016  0.7 0
1 2018  96 1 0 0  2   5.8  4739  1.0 0
1 2018  99 1 0 0  2  -0.3  5757  1.0 0
1 2018 100 1 0 0  3  -8.3  4925 -0.8 0
1 2018 101 1 1 0  2   5.6  8270  0.0 1
1 2018 102 1 1 0  2   6.9  5269  0.0 0
1 2018 103 1 0 0  2 -10.0  9974  0.5 0
1 2018 106 1 0 0  2   0.0  8816 -0.8 0
1 2018 107 1 0 0  2   7.1  7293 -0.7 0
1 2018 108 1 0 0  2   9.6   138 -0.7 0
1 2018 109 1 0 0  1  -2.9  5862 -0.4 0
1 2018 110 1 0 0  1  -0.8   602 -0.2 0
1 2018 113 1 0 0  2   6.3  6489 -0.7 0
1 2018 114 1 0 0  2   4.4  9879  0.8 0
1 2018 115 1 0 1  2  -4.2  8570 -0.2 0
1 2018 116 1 0 0  2   4.3  7437 -1.0 0
1 2018 117 1 0 0  2   0.4  4489 -0.7 0
1 2018 120 1 0 0  3  -4.3   769 -0.2 0
1 2018 121 1 1 0  3  -9.4  3696  0.3 0
1 2018 122 1 0 0  3  -9.3  7863  0.3 0
1 2018 123 1 0 0  3  -3.9  5583 -0.9 0
1 2018 124 1 0 0  3   1.2  1567  1.0 0
1 2018 127 1 0 0  3   7.7  1065 -0.6 0
1 2018 128 1 0 1  3  -7.4   914  0.7 0
1 2018 129 1 0 0  3   6.8   173  0.4 0
1 2018 130 1 0 0  3   7.2   425  0.4 0
1 2018 131 1 0 0  3   5.1  3172  0.8 0
1 2018 134 1 0 1  3  -5.3  3983 -0.6 0
1 2018 135 1 0 1  3  -2.1  9562  0.7 0
1 2018 136 1 0 0  3   5.0  2369 -0.9 0
1 2018 137 1 0 0  3  -4.9  3297 -0.8 1
1 2018 138 1 0 0  3   4.8  9274  0.0 0
1 2018 141 1 0 0  3  -9.0  8125 -0.3 0
1 2018 142 1 0 0  3   9.6  5431  0.2 0
1 2018 143 1 0 1  2  -9.3  9088 -0.7 1
1 2018 144 1 1 0  3  -5.0  3241 -0.1 0
1 2018 145 1 0 0  3  -9.5  2884 -0.2 0
1 2018 149 1 0 1  2  -4.7  4998  0.4 1
1 2018 150 1 1 0  3   1.1  1071 -0.7 0
1 2018 151 1 0 0  3  -0.5  5209  0.9 0
1 2018 152 1 0 0  3   3.7  4819 -0.6 0
1 2018 155 1 0 0  3   4.9  8011 -0.4 0
1 2018 156 1 0 0  3  -0.1  8342  0.1 0
1 2018 157 1 0 0  3   8.3  8106  0.5 0
1 2018 158 1 0 0  2  -4.4  3325  0.4 1
1 2018 159 1 0 0  3  -0.5  4170  0.7 0
1 2018 162 1 0 1  3  -9.0  7622  0.6 0
1 2018 163 1 0 0  2  -0.3   404 -0.5 0
1 2018 164 1 0 0  2   2.8  8401  0.7 0
1 2018 165 1 0 0  2  -9.1  8946 -0.4 0
1 2018 166 1 0 1  2  -5.2  9896 -0.6 1
1 2018 169 1 0 0  2  -1.2  6616  0.2 0
1 2018 170 1 0 0  2   0.1  3728 -0.3 0
1 2018 171 1 0 0  2   1.9  7559  0.0 0
1 2018 172 1 0 0  3  -4.7  7187  0.4 1
1 2018 173 1 0 0  3   2.7  5810  0.0 0
1 2018 176 1 0 1  3  -2.4  5342  0.8 0
1 2018 177 1 1 0  3  -1.6  9309  1.0 0
1 2018 178 1 0 0  3   0.0  1043  0.7 0
1 2018 179 1 0 0  3  -2.3  1527 -0.5 0
1 2018 180 1 0 0  3  -8.3  6322 -0.1 0
1 2018 183 1 0 0  3  -1.7  6731  0.2 0
1 2018 184 1 0 1  3  -4.8  2128 -0.4 0
1 2018 186 1 0 0  3  -4.9  8232  0.4 0
1 2018 187 1 0 0  3   3.4  5388  0.8 0
1 2018 190 1 0 0  3   1.6  5681 -0.1 0
1 2018 191 1 0 0  3   5.8  7079  0.4 0
1 2018 192 1 0 0  3  -8.9  3927 -0.5 1
1 2018 193 1 0 1  3  -4.5  8085  0.3 0
1 2018 194 1 0 0  3  -1.7  6719  0.4 0
1 2018 197 1 1 0  4   1.8  6244  0.0 0
1 2018 198 1 0 1  3  -6.6  5359  0.4 0
1 2018 199 1 0 0  3  -2.9  2643 -0.5 0
1 2018 200 1 0 0  2   7.1   183 -0.2 0
1 2018 201 1 0 0  3  -4.5  7242 -0.9 0
1 2018 204 1 0 0  3  -2.2  7274 -0.9 0
1 2018 205 1 0 0  2  -3.9  3276 -0.8 0
1 2018 206 1 0 0  2  -8.4  3613 -0.7 0
1 2018 207 1 0 1  2  -1.7  5286  0.7 0
1 2018 208 1 0 0  2  -7.3  5842  0.0 0
1 2018 211 1 0 0  2  -8.4  4562  1.0 0
1 2018 212 1 0 0  2   2.7  1668  0.7 0
1 2018 213 2 0 1  2  -1.7  6366 -0.6 0
1 2018 214 2 0 0  2  -1.5   289  0.9 0
1 2018 215 2 0 0  2  -9.7  3811 -1.0 0
1 2018 218 2 0 0  2   5.8  1300 -0.9 0
1 2018 219 2 0 0  2  -4.0  9798  0.4 0
1 2018 220 2 0 0  2   0.6  4726 -1.0 0
1 2018 221 2 0 0  2   7.0  4068 -0.3 0
1 2018 222 2 1 0  1   2.5  1146 -0.4 0
1 2018 225 2 0 0  1   4.0  3348 -0.3 0
1 2018 226 2 0 0  1   0.8  2890  0.9 0
1 2018 227 2 0 0  0  10.0  7883 -0.8 0
1 2018 228 2 0 0  0   5.6  7101 -0.6 0
1 2018 229 2 0 0  1   9.4  4918  0.9 0
1 2018 232 2 0 0  1  -2.8  6146  0.7 0
1 2018 233 2 0 0  0  -9.7  8203  0.1 1
1 2018 234 2 0 0  0   6.4  9638 -0.8 0
1 2018 235 2 0 0  0  -5.1  7148 -0.2 0
1 2018 236 2 0 0  0  -8.6  6313  0.3 0
1 2018 239 2 0 0  0   7.8  2422 -0.2 0
1 2018 240 2 0 0  0   6.9  2644 -1.0 0
1 2018 241 2 0 0  1  -8.0  8495 -0.4 0
1 2018 242 2 0 0  1  -0.3  9602 -0.1 0
1 2018 243 2 0 0  0   4.6  5642 -0.6 0
1 2018 247 2 0 0  0  -5.7  8056 -1.0 0
1 2018 248 2 0 0  0   1.0  2795 -0.5 0
1 2018 249 2 0 0  0   1.5  9291 -0.4 0
1 2018 250 2 0 0  0   0.4  7220  1.0 0
1 2018 253 2 0 0  0  -8.4  5605 -1.0 0
1 2018 254 2 0 0  0   9.2   118  0.8 0
1 2018 255 2 0 0  0   3.3  4355  0.5 0
1 2018 256 2 0 0  0  -2.0  3925  0.1 0
1 2018 257 2 0 0  0   1.6  6583 -0.6 0
1 2018 260 2 0 0  0  -3.7  6036  0.4 0
1 2018 261 2 0 0  1  -1.8   272  1.0 0
1 2018 262 2 0 0  1   5.5  7938  0.2 0
1 2018 263 2 0 0  1   2.1  1645  0.2 0
1 2018 264 2 0 0  1   8.3  8267 -0.9 0
1 2018 267 2 0 0  1   1.9  2753  0.4 0
1 2018 268 2 0 0  1   6.8  1465 -0.7 0
1 2018 269 2 0 0  1   9.6  4593 -0.3 0
1 2018 270 2 0 0  1   3.6  8060 -0.8 0
1 2018 271 2 0 0  2  -8.4  5623  0.2 0
1 2018 274 2 0 0  2   1.1  3823 -0.3 0
1 2018 275 2 0 1  2  -5.2  1902  0.8 0
1 2018 276 2 0 0  2   3.7  3110  0.2 0
1 2018 277 2 0 0  2   3.3  9856  0.8 0
1 2018 278 2 0 0  2  -2.5  3586  0.5 0
1 2018 282 2 1 0  2  -9.2  9812  0.0 0
1 2018 283 2 1 0  3   2.2  3534  0.5 0
1 2018 284 2 0 0  2   8.3  3450 -0.3 0
1 2018 285 2 0 0  2   0.0  4900 -0.5 0
1 2018 288 2 0 0  3   9.3  6412  0.2 0
1 2018 289 2 0 0  3   4.0  6451 -0.7 0
1 2018 290 2 0 0  3   8.1  4981  0.4 0
1 2018 291 2 0 1  4  -4.7  3573 -0.4 0
1 2018 292 2 0 0  4  -6.3  6169  0.3 0
1 2018 295 2 0 0  5  -7.0  8444  1.0 0
1 2018 296 2 0 1  4  -7.0  3946  0.2 0
1 2018 297 2 0 0  4   7.1  1468  0.4 0
1 2018 298 2 0 1  4  -7.0  1910 -0.8 0
1 2018 299 2 0 0  5   2.2  4484 -0.7 0
1 2018 302 2 0 0  5   4.6  2051 -0.7 0
1 2018 303 2 0 0  5   7.9   323  0.2 0
1 2018 304 2 1 1  5   4.9  8830  1.0 0
1 2018 305 2 1 0  4   5.3  2948 -1.0 0
1 2018 306 2 1 0  4  -5.9  1438  0.7 0
1 2018 309 2 0 1  5  -5.7  6931 -1.0 0
1 2018 310 2 0 0  4   3.6  7289 -0.6 0
1 2018 311 2 0 0  4   3.7  8365 -0.4 0
1 2018 312 2 0 0  4  -4.5  2198  0.9 0
1 2018 313 2 1 0  4   4.0  4177 -0.2 0
1 2018 317 2 0 0  3   0.8  2346  0.7 0
1 2018 318 2 1 0  4   8.2  6097  0.8 0
1 2018 319 2 0 0  3   1.1  6208 -1.0 0
1 2018 320 2 0 0  3  -1.6  1457  0.1 0
1 2018 323 2 0 1  3  -4.4  6203 -0.7 1
1 2018 324 2 1 0  3  -7.6  8666  0.1 0
1 2018 325 2 0 0  3   9.2  6382 -0.5 0
1 2018 327 2 0 0  3   0.3  7812  0.8 0
1 2018 330 2 0 0  2  -0.4  9298 -0.2 0
1 2018 331 2 1 0  2   5.5  6852  0.4 0
1 2018 332 2 0 0  2   0.9  8529 -0.3 0
1 2018 333 2 1 0  2  -7.7  1302 -0.8 0
1 2018 334 2 1 0  2   2.6   175  0.3 0
1 2018 337 3 0 0  2   7.3  8722 -0.7 0
1 2018 338 3 0 0  2   7.9  8754  0.1 0
1 2018 339 3 1 0  3   3.5  9981 -0.9 0
1 2018 340 3 0 0  3  -4.3  2864 -0.8 0
1 2018 341 3 1 1  2  -7.2  5537 -0.3 0
1 2018 344 3 0 1  2 -10.0  9319  0.2 0
1 2018 345 3 0 0  2   1.8  7999 -0.9 0
1 2018 346 3 0 0  1   8.4  3050  0.2 0
1 2018 347 3 0 1  1  -6.1  6729 -0.7 0
1 2018 348 3 0 0  1  -0.7  7017 -0.5 0
1 2018 351 3 0 0  1  -6.5  5795  0.3 0
1 2018 352 3 0 0  1   0.7  5426 -0.9 0
1 2018 353 3 0 0  0   0.7  8012  0.7 0
1 2018 354 3 0 0  1   0.2  8222  0.2 0
1 2018 355 3 0 0  1  -9.7  3874 -0.9 0
1 2018 358 3 0 0  0   2.4  1353  0.3 0
1 2018 360 3 0 0  1  -3.3  4052  0.3 0
1 2018 361 3 0 0  0   5.1  2436 -0.3 0
1 2018 362 3 0 0  0  -9.6  3270 -0.8 0
1 2018 365 3 0 0  0   0.9  7851 -0.9 0
1 2019   2 0 0 0  0  -1.1  6849 -0.3 0
1 2019   3 0 0 0  0   2.0  4590  0.9 0
1 2019   4 0 0 0  0  -7.6   223  0.7 0
1 2019   7 0 0 0  0   5.4  6088 -0.3 0
1 2019   8 0 0 0  0   9.0  9860 -0.7 0
1 2019   9 0 0 0  0   1.4  1616 -0.8 0
1 2019  10 0 0 0  0   3.6  2517 -0.9 0
1 2019  11 0 0 0  1   4.3  5690  0.1 0
1 2019  14 0 0 0  0   2.8   358 -0.5 0
1 2019  15 0 0 0  1   7.7  3116  0.2 0
1 2019  16 0 0 0  0   3.0  6293  0.7 0
1 2019  17 0 0 0  0  -4.5  9701 -1.0 0
1 2019  18 0 0 0  0  -4.4  4855 -0.2 0
1 2019  22 0 0 0  0  -2.9  2178 -0.2 1
1 2019  23 0 0 0  0   6.6  5692  1.0 0
1 2019  24 0 0 0  0   8.4  2189  0.3 0
1 2019  25 0 0 0  0  -0.9  3592 -0.2 0
1 2019  28 0 0 0  0   9.9  9556 -0.7 0
1 2019  29 0 0 0  0   5.4  9025 -0.4 0
1 2019  30 0 0 0  1   9.2  6479 -0.6 0
1 2019  31 0 0 0  1   2.6  2973  0.4 0
1 2019  32 0 0 0  1   6.5  4621 -1.0 0
1 2019  35 0 0 0  1  -6.4  1180  0.3 0
1 2019  36 0 0 1  1  -9.7  9884 -0.7 0
1 2019  37 0 0 0  0  -3.7  1369 -0.2 1
1 2019  38 0 0 0  0   8.8  5544 -0.8 0
1 2019  39 0 0 0  0  -1.6  7846 -0.6 0
1 2019  42 0 0 0  0   3.9  4861 -0.7 0
1 2019  43 0 0 0  0   0.9  6314 -0.6 0
1 2019  44 0 0 0  0   8.3  1841  0.5 0
1 2019  45 0 0 0  0   5.7  5467 -0.7 0
1 2019  46 0 0 0  0   0.9  8691  0.0 0
1 2019  50 0 0 0  0  -2.7  5707 -0.7 0
1 2019  51 0 0 0  0 -10.0  2435  1.0 0
1 2019  52 0 0 0  1  -8.3  1854  0.8 0
1 2019  53 0 0 0  1  -1.0  5231  0.5 0
1 2019  56 0 0 0  1   6.7  4028  0.2 0
1 2019  57 0 0 0  1  -0.2  1369  0.8 0
1 2019  58 0 0 0  1  -7.8  3853  0.1 0
1 2019  59 0 0 0  1  -7.2   976  0.1 0
1 2019  60 0 0 0  2   4.1  6898 -0.3 0
1 2019  63 0 0 0  2  -6.4  6184 -1.0 0
1 2019  64 0 0 0  2   2.2  9730 -0.5 0
1 2019  65 0 0 0  2   0.6  2452 -0.5 0
1 2019  66 0 0 0  2   8.4  5526  0.4 0
1 2019  67 0 0 1  2  -9.2  9898 -0.5 0
1 2019  70 0 0 1  2  -3.4  9372  0.6 0
1 2019  71 0 0 0  2  -6.8  3471  0.2 0
1 2019  72 0 0 0  3   7.7  7674  0.5 0
1 2019  73 0 0 0  3   6.5  6950 -0.4 0
1 2019  74 0 0 1  3  -3.9  4623 -0.5 0
1 2019  77 0 1 0  3   6.3   530 -0.3 0
1 2019  78 0 0 0  3  -8.9   787  0.0 0
1 2019  79 0 0 0  4   2.8  3192  0.0 0
1 2019  80 0 0 0  3   0.4  8250 -0.7 0
1 2019  81 0 0 1  3  -9.1  4753 -0.5 0
1 2019  84 0 0 0  4   7.4  2307 -0.5 0
1 2019  85 0 0 0  4   9.6  5593  0.4 0
1 2019  86 0 0 0  4   8.2  6350 -0.3 0
1 2019  87 0 1 0  4   2.7  1595 -1.0 0
1 2019  88 0 0 1  4  -7.8  8174 -0.7 0
1 2019  91 1 0 1  4  -8.2  2935  0.4 1
1 2019  92 1 1 1  3  -6.9  9318  0.5 1
1 2019  93 1 0 0  3  -0.7  8396  0.9 0
1 2019  94 1 0 0  3   7.4   699  0.9 0
1 2019  95 1 0 0  3  -7.4  4762  0.2 0
1 2019  98 1 0 0  3   1.9  7675  1.0 0
1 2019  99 1 0 0  2   0.1  7096 -0.4 0
1 2019 100 1 0 0  2   8.9  7802 -0.7 0
1 2019 101 1 0 0  2  -1.9  9309 -0.9 0
1 2019 102 1 1 1  3  -4.6   886 -0.4 0
1 2019 105 1 0 0  2  -8.3  4487  0.2 0
1 2019 106 1 0 1  3  -5.3   880 -0.8 0
1 2019 107 1 0 0  3   2.3  7790  0.7 0
1 2019 108 1 0 0  3  -0.1   162  0.7 0
1 2019 109 1 0 0  3  -1.8  5185 -1.0 0
1 2019 112 1 0 0  3   7.2  6658 -0.2 0
1 2019 113 1 0 0  3   1.5  9476 -0.7 0
1 2019 114 1 1 0  3   5.3  6185 -0.4 0
1 2019 115 1 0 0  2  -0.7   265 -0.1 0
1 2019 116 1 0 0  3   1.6  6783  0.3 0
1 2019 119 1 0 0  2  -5.5  7517  0.3 0
1 2019 120 1 0 0  3   7.4  7167  1.0 0
1 2019 121 1 1 0  3  -7.4  1468  1.0 0
1 2019 122 1 0 0  3   3.9  1633  1.0 0
1 2019 123 1 0 1  3  -4.3  7448  0.7 0
1 2019 126 1 0 0  3   0.5  6484 -1.0 0
1 2019 127 1 0 0  3   0.6  3957 -1.0 0
1 2019 128 1 1 0  4   8.9  9829  0.0 0
1 2019 129 1 0 0  4  -5.1  6444 -0.9 0
1 2019 130 1 0 0  5  -5.6  6604  0.0 0
1 2019 133 1 0 0  5   6.1  9452  0.2 0
1 2019 134 1 0 1  5  -4.8  1527 -0.8 0
1 2019 135 1 1 0  5   3.9  1290  0.8 0
1 2019 136 1 0 0  5  -0.9  3056 -0.3 0
1 2019 137 1 1 0  5  -0.4  4267 -0.9 0
1 2019 140 1 0 1  6  -7.4  1817  0.4 0
1 2019 141 1 1 0  5  -0.8  3407  0.2 0
1 2019 142 1 0 1  5  -4.7  6879  0.2 0
1 2019 143 1 0 1  6   6.8  9294  1.0 0
1 2019 144 1 0 0  6   5.7  9830  0.7 0
1 2019 148 1 0 0  6   3.7   377  0.6 0
1 2019 149 1 1 0  5  -1.7  2270 -0.3 0
1 2019 150 1 1 0  5   8.1  9035  1.0 0
1 2019 151 1 1 1  5  -5.1  4097 -0.5 1
1 2019 154 1 1 0  5   5.0  5105 -0.5 0
1 2019 155 1 0 0  5   9.1  4451  0.0 0
1 2019 156 1 0 0  5   6.1  1052  0.4 0
1 2019 157 1 0 0  5   6.5  8691  0.1 0
1 2019 158 1 0 1  5  -3.8  1190 -0.4 0
1 2019 161 1 0 1  4  -1.6  3502  0.4 0
1 2019 162 1 0 1  4  -4.5  1686  0.7 1
1 2019 163 1 0 0  4   0.7  7130  0.0 0
1 2019 164 1 0 1  4  -3.0  6901 -0.7 0
1 2019 165 1 0 0  3   6.4  9433 -1.0 0
1 2019 168 1 0 0  4  -9.0  5527  1.0 0
1 2019 169 1 0 0  4  -1.9  5665  0.2 0
1 2019 170 1 0 0  4   2.6  1989  0.1 0
1 2019 171 1 0 1  4  -1.8  7138 -0.3 0
1 2019 172 1 0 0  4   7.6   860 -0.2 0
1 2019 175 1 1 0  4   7.6  6218 -0.2 0
1 2019 176 1 0 0  4  -6.3  9570  0.3 0
1 2019 177 1 0 1  4  -2.9  5274  0.5 0
1 2019 178 1 0 0  4   6.8  3373 -0.8 0
1 2019 179 1 0 0  4  -0.2  3078  0.5 0
2 2017   3 0 0 0  0   9.4  5108  0.4 0
2 2017   4 0 0 0  0  -0.2  7412  0.9 0
2 2017   5 0 0 0  0  -2.2  9457  1.0 0
2 2017   6 0 0 0  0   1.7  3064 -0.2 0
2 2017   9 0 0 0  0  -7.9  5806  0.3 0
2 2017  10 0 0 0  0  -0.6  1602 -0.9 0
2 2017  11 0 0 0  0   5.2  4520  0.6 0
2 2017  12 0 0 0  0  -7.2  3597 -0.7 0
2 2017  13 0 0 0  0   5.8  6628  0.2 0
2 2017  17 0 0 0  0  -5.7  3335  0.1 0
2 2017  18 0 0 0  0   5.9  7811 -0.1 0
2 2017  19 0 0 0  0  -1.5  7458 -0.6 0
2 2017  20 0 0 0  0  -5.7   159  0.9 0
2 2017  23 0 0 0  0  -8.9   284  0.8 0
2 2017  24 0 0 0  1  -7.5  4990  0.0 0
2 2017  25 0 0 0  1  -0.7  7516 -1.0 0
2 2017  26 0 0 0  1   5.2  7935 -0.7 0
2 2017  27 0 0 0  1  -4.4  2320  0.1 1
2 2017  30 0 0 0  1  -5.1  6189  1.0 0
2 2017  31 0 0 0  1   3.4  2866 -0.2 0
2 2017  32 0 0 0  2  -3.0  5067 -0.4 0
2 2017  33 0 0 0  2  -1.2  4725 -0.7 0
2 2017  34 0 0 0  2   5.9  9144 -0.5 0
2 2017  37 0 0 0  2  -2.8  9716 -0.7 0
2 2017  38 0 1 0  2  -1.1  4641  0.6 0
2 2017  39 0 0 0  2  -5.0  7078  0.8 1
2 2017  40 0 0 0  2  -0.2  6923  0.2 0
2 2017  41 0 0 0  2   4.4  7140  0.0 0
2 2017  44 0 0 0  2  -4.9  4932 -0.1 0
2 2017  45 0 0 0  2   1.1  1573 -0.6 0
2 2017  46 0 0 0  2  -1.0  7006  0.4 0
2 2017  47 0 0 0  2   0.7  1448 -0.6 0
2 2017  48 0 0 0  2   3.9  9266 -0.1 0
2 2017  52 0 0 0  2   9.5  8487  0.4 0
2 2017  53 0 0 0  1   5.2  1595 -0.1 0
2 2017  54 0 0 0  1   3.0   868 -0.4 0
2 2017  55 0 0 0  2   6.3  2535 -0.1 0
2 2017  58 0 0 0  2  -4.9  1879 -0.8 0
2 2017  59 0 0 0  2   2.1   403  0.6 0
2 2017  60 0 0 0  2  -4.0  8957 -0.2 0
2 2017  61 0 0 0  2  -5.3  2321 -0.3 0
2 2017  62 0 0 0  2   7.0  1638  0.8 0
2 2017  65 0 0 0  2   0.6  6960 -0.6 0
2 2017  66 0 0 0  1   6.5  7282 -0.9 0
2 2017  67 0 1 0  1  -9.8  2593  0.1 1
2 2017  68 0 0 0  1  -5.6  2480  0.1 1
2 2017  69 0 0 0  2   6.8  4963  0.2 0
2 2017  72 0 0 0  2  -5.4  9437  0.6 0
2 2017  73 0 0 0  2   5.8  6615 -0.8 0
2 2017  74 0 0 0  1   7.3  7805  0.0 0
2 2017  75 0 0 0  1  -5.6  6292  0.3 0
2 2017  76 0 0 0  1  -0.5  9937  1.0 0
2 2017  79 0 0 0  1   6.3  9400  0.7 0
2 2017  80 0 0 0  1  -5.9  7111  0.6 0
2 2017  81 0 0 0  0  -6.5    85  0.1 0
2 2017  82 0 0 0  1   8.6  8653  0.5 0
2 2017  83 0 0 0  1   4.3  2258 -0.8 0
2 2017  86 0 0 0  0   3.2  4886 -0.7 0
2 2017  87 0 0 0  0  -2.6  4118  0.2 1
2 2017  88 0 0 0  0   3.2  8192 -0.1 0
2 2017  89 0 0 0  0  -3.3   491 -0.9 0
2 2017  90 0 0 0  0   4.0  5400 -0.9 0
2 2017  93 1 0 0  0   9.5   579  0.1 0
2 2017  94 1 0 0  0   4.1  7844 -0.6 0
2 2017  95 1 0 0  0   1.0  7824 -0.1 0
2 2017  96 1 0 0  0  10.0  3214  0.7 0
2 2017  97 1 0 0  0  -0.1  6180 -0.6 0
2 2017 100 1 0 0  0  -0.6  5763 -0.4 0
2 2017 101 1 0 0  0   0.5  8785  0.8 0
2 2017 102 1 0 0  0  -8.6  2076  0.4 0
2 2017 103 1 0 0  0   5.5  6517  0.5 0
2 2017 104 1 0 0  0   8.0  5848 -0.3 0
2 2017 107 1 0 0  0  -3.8  8631 -0.2 0
2 2017 108 1 0 0  0   5.9  7966 -0.2 0
2 2017 109 1 0 0  0   4.1  3453 -0.7 0
2 2017 110 1 0 0  0   6.6  7434 -0.7 0
2 2017 111 1 0 0  0  -7.9   978 -0.2 0
2 2017 114 1 0 0  0  -0.3  3021  0.3 0
2 2017 115 1 0 0  0   5.5  5508 -0.2 0
2 2017 116 1 0 0  1   1.1  7004 -0.9 0
2 2017 117 1 0 0  1   3.6  7594  0.3 0
2 2017 118 1 0 0  0   9.0  3903 -0.6 0
2 2017 121 1 0 0  1   9.7  8893 -0.1 0
2 2017 122 1 0 0  1  10.0  9961 -1.0 0
2 2017 123 1 0 0  1   1.8   282  0.4 0
2 2017 124 1 0 0  1   0.4   959  0.8 0
2 2017 125 1 0 0  0  -5.4  4227 -0.2 0
2 2017 128 1 0 0  1   6.7   812 -0.3 0
2 2017 129 1 0 0  1  -9.0  9067 -0.3 0
2 2017 130 1 0 0  1  -1.0  8854 -0.9 0
2 2017 131 1 0 0  1  -4.0  3343  0.0 0
2 2017 132 1 0 0  1  -2.8  2344 -1.0 0
2 2017 135 1 0 0  1   2.0  4817  0.9 0
2 2017 136 1 0 0  1  -7.3  9978 -0.4 0
2 2017 137 1 0 0  1  -4.5  6206  0.8 0
2 2017 138 1 0 0  1  -8.1  3679  0.8 0
2 2017 139 1 0 0  1   3.5   842  0.9 0
2 2017 142 1 0 0  1  -2.5  3998  0.0 0
2 2017 143 1 1 0  1  -7.1  3949  0.4 0
2 2017 144 1 0 0  2   6.7  7932  0.9 0
2 2017 145 1 0 0  2   3.7  4013  0.3 0
2 2017 146 1 1 0  2  -7.0  1335  0.3 0
2 2017 150 1 0 0  3   1.6   254 -0.5 0
2 2017 151 1 0 0  3  -6.8   558  0.3 0
2 2017 152 1 0 0  3  -0.1  6919  0.1 0
2 2017 153 1 1 0  3  -1.4  9690  0.9 0
2 2017 156 1 0 0  3   1.4  6699  1.0 0
2 2017 157 1 1 0  2  -5.4  9659  0.6 0
2 2017 158 1 0 0  2   1.2  2895  0.6 0
2 2017 159 1 1 0  2  -8.8  9242  0.6 0
2 2017 160 1 0 0  2  -5.5  2346 -0.9 0
2 2017 163 1 0 0  2   4.7  5150 -0.7 0
2 2017 164 1 0 0  2  -5.7  4726 -0.2 0
2 2017 165 1 0 0  1   3.0  2766 -1.0 0
2 2017 166 1 0 0  1   2.5   422  0.1 0
2 2017 167 1 0 0  1   1.6  4832 -0.7 0
2 2017 170 1 0 0  1  -7.8  2241 -0.2 0
2 2017 171 1 0 0  1  -1.7  2567  0.6 0
2 2017 172 1 1 0  1  -9.1  7100 -0.7 0
2 2017 173 1 0 0  2  -9.1   130 -0.3 0
2 2017 174 1 0 0  2  -6.2  7938 -0.5 1
2 2017 177 1 0 0  2   9.1  3509 -1.0 0
2 2017 178 1 0 0  1   7.6  4310  0.9 0
2 2017 179 1 0 0  2  -5.4  4916 -0.3 0
2 2017 180 1 1 0  2  -2.5  1581 -0.3 0
2 2017 181 1 0 0  2  -1.7  4053  0.3 0
2 2017 184 1 0 0  2   8.0  2098  0.5 0
2 2017 186 1 1 0  2  -3.2  8314 -0.4 0
2 2017 187 1 0 0  2   0.0  7240  0.3 0
2 2017 188 1 1 0  2  -8.9  5054  0.4 0
2 2017 191 1 0 0  2   5.7  5401 -0.6 0
2 2017 192 1 0 0  2   8.0  5460  0.1 0
2 2017 193 1 1 0  1  -5.0  2572  0.7 0
2 2017 194 1 0 0  1   4.1  4074 -1.0 0
2 2017 195 1 0 0  1   2.4   692 -0.5 0
2 2017 198 1 0 0  1   9.1  2025  0.2 0
2 2017 199 1 0 0  0  -8.2  8265  0.3 0
2 2017 200 1 0 0  0   5.0  6408 -0.4 0
2 2017 201 1 0 0  0  -2.3  4490  0.4 0
2 2017 202 1 0 0  0   0.4  9191 -0.2 0
2 2017 205 1 0 0  0   2.7  6449  0.1 0
2 2017 206 1 0 0  0   9.7  3802  0.4 0
2 2017 207 1 1 0  0  -7.9  1562  0.7 0
2 2017 208 1 0 0  0   2.1  8575  0.8 0
2 2017 209 1 0 0  1  -6.2   598  0.0 0
2 2017 212 1 0 0  0   4.3  8007  0.7 0
2 2017 213 2 0 0  0   4.2  1334 -0.7 0
2 2017 214 2 1 0  0  -6.9  2722 -0.4 0
2 2017 215 2 0 0  1   2.4  2291  0.7 0
2 2017 216 2 0 0  1   7.3  4441  0.6 0
2 2017 219 2 0 0  1   7.5  3349  0.9 0
2 2017 220 2 1 0  0  -1.6  2217 -0.5 0
2 2017 221 2 0 0  0  -9.9  5109 -0.4 0
2 2017 222 2 0 0  0  -8.3  5741  1.0 0
2 2017 223 2 0 0  0   0.9  9575 -0.1 0
2 2017 226 2 0 0  0  -4.9  1269  0.8 0
2 2017 227 2 0 0  0   3.3  9622  1.0 0
2 2017 228 2 0 0  0   8.8  7756 -0.4 0
2 2017 229 2 0 0  0  -6.3  2348 -0.5 1
2 2017 230 2 0 0  1   0.8  7728  0.0 0
2 2017 233 2 0 0  1   8.0  7773  0.1 0
2 2017 234 2 0 0  1  -5.8  4550 -0.6 0
2 2017 235 2 0 0  1   1.1  5704 -0.5 0
2 2017 236 2 0 0  2  -4.6  9171 -0.4 0
2 2017 237 2 1 0  2  -9.9  9604 -0.1 0
2 2017 240 2 0 0  1  -3.1   549  1.0 0
2 2017 241 2 0 0  1   6.0   937  0.8 0
2 2017 242 2 0 0  1   2.5  2847  0.5 0
2 2017 243 2 0 0  1   5.6  2509 -0.5 0
2 2017 244 2 0 0  0   6.3  1021  0.0 0
2 2017 248 2 0 0  0  -9.6  5450  0.0 0
2 2017 249 2 0 0  0  -9.7  6605  0.3 0
2 2017 250 2 0 0  1  -7.9  2827  0.4 0
2 2017 251 2 0 0  1 -10.0  5098 -0.2 0
2 2017 254 2 0 0  1  -7.8  1904 -0.8 0
2 2017 255 2 0 0  1  -5.7   171 -0.4 1
2 2017 256 2 0 0  1  -5.2  2174 -0.1 0
2 2017 257 2 0 0  1  -4.3  3084 -0.2 0
2 2017 258 2 0 0  1   4.8  5957  0.1 0
2 2017 261 2 0 0  1   4.9  6318 -0.6 0
2 2017 262 2 0 0  1  -2.7  3398  0.0 0
2 2017 263 2 0 0  0   9.7  3452 -0.2 0
2 2017 264 2 0 0  1   2.1  2290  0.4 0
2 2017 265 2 0 0  0   7.9  1713  1.0 0
2 2017 268 2 0 0  0  -7.5  3065  0.1 0
2 2017 269 2 0 0  0   1.6  9725  0.8 0
2 2017 270 2 0 0  1   5.3  5535  0.5 0
2 2017 271 2 0 0  1   2.9  1767  0.3 0
2 2017 272 2 0 0  0  -5.8  4924  0.9 0
2 2017 275 2 0 0  1  -6.7  5458 -0.9 0
2 2017 276 2 0 0  1  -5.8  7546 -1.0 0
2 2017 277 2 0 0  0  -4.8  7152 -0.8 0
2 2017 278 2 0 0  0  -7.5  7713  0.7 0
2 2017 279 2 0 0  0   9.5  1569  0.2 0
2 2017 283 2 0 0  1   7.2  6956  0.9 0
2 2017 284 2 0 0  1  -4.4  9970 -0.5 0
2 2017 285 2 0 0  1  -8.1  3769 -0.6 0
2 2017 286 2 0 0  1  -6.2  4668 -0.1 0
2 2017 289 2 0 0  1  -5.9  6524  0.6 0
2 2017 290 2 0 0  1  -9.7  2635  0.0 0
2 2017 291 2 0 0  1   7.1  6581  0.3 0
2 2017 292 2 0 0  1   1.5  8225  0.1 0
2 2017 293 2 1 0  1  -5.5  6947  0.7 0
2 2017 296 2 1 0  1  -3.4  3237  0.6 0
2 2017 297 2 0 0  1   2.5  7540  0.1 0
2 2017 298 2 0 0  1   9.6   385  0.7 0
2 2017 299 2 0 0  1  -9.1  9761 -0.7 0
2 2017 300 2 0 0  0   8.6  2369  1.0 0
2 2017 303 2 0 0  0   8.7  8577  0.8 0
2 2017 304 2 0 0  1   6.3  1656  0.2 0
2 2017 305 2 0 0  1   0.2   366 -0.5 0
2 2017 306 2 0 0  1   1.0  1907 -0.4 0
2 2017 307 2 0 0  1   7.7   800  0.1 0
2 2017 310 2 0 0  1  -5.3  4535  0.6 0
2 2017 311 2 0 0  1  -9.6  6788 -0.6 0
2 2017 312 2 0 0  1   8.1  5318 -0.3 0
2 2017 313 2 0 0  1   6.2  9752  0.0 0
2 2017 317 2 0 0  1   1.3  2486  0.4 0
2 2017 318 2 0 0  1   0.3   528  0.8 0
2 2017 319 2 0 0  1   3.5  6048 -0.1 0
2 2017 320 2 1 0  1  -5.8  5761  0.8 0
2 2017 321 2 0 0  1   2.5  3845  0.2 0
2 2017 324 2 0 0  0  -4.5  3462 -0.7 0
2 2017 325 2 0 0  0   0.4  5767 -0.4 0
2 2017 326 2 0 0  0   7.5  5206  0.6 0
2 2017 328 2 0 0  0   1.5  2571 -0.5 0
2 2017 331 2 0 0  0   7.4  1610  0.2 0
2 2017 332 2 0 0  0  -4.3  2270  0.9 0
2 2017 333 2 0 0  0  -1.7  9991 -0.3 0
2 2017 334 2 0 0  0   5.3  6378  0.7 0
2 2017 335 3 1 0  0  -3.9  2870  0.5 0
2 2017 338 3 0 0  0   1.8  7523 -0.3 0
2 2017 339 3 0 0  0   6.4  1821  0.9 0
2 2017 340 3 0 0  0  -8.3   112 -0.9 0
2 2017 341 3 0 0  0  10.0  6833 -0.2 0
2 2017 342 3 0 0  1   8.2   388  0.4 0
2 2017 345 3 0 0  1   9.6   653  0.1 0
2 2017 346 3 0 0  1  -7.4  2391 -0.2 0
2 2017 347 3 0 0  1  -6.4  3982  0.5 0
2 2017 348 3 0 0  1  -3.8  4259  0.0 0
2 2017 349 3 0 0  1   5.2   585 -0.6 0
2 2017 352 3 0 0  1  -2.6  5024 -0.5 0
2 2017 353 3 0 0  2  -6.8  2400  0.9 0
2 2017 354 3 0 0  1  -2.3  2430  0.8 0
2 2017 355 3 0 0  1   2.2  2791  0.1 0
2 2017 356 3 0 0  1   2.4  2770  0.6 0
2 2017 360 3 0 0  1  -4.3  5067 -0.4 0
2 2017 361 3 0 0  1   1.7  9329  1.0 0
2 2017 362 3 0 0  1  -4.2  3318  0.1 0
2 2017 363 3 0 0  1   3.6  8810 -0.8 0
2 2018   2 0 0 0  0   8.9  2993  1.0 0
2 2018   3 0 0 0  1  -3.2  9043 -0.2 0
2 2018   4 0 0 0  1   3.3  4960 -0.9 0
2 2018   5 0 0 0  1  10.0   836  0.0 0
2 2018   8 0 0 0  1  -7.5  8886  0.8 0
2 2018   9 0 0 0  1  -7.2  7252  1.0 0
2 2018  10 0 0 0  1   9.3  6671  0.9 0
2 2018  11 0 0 0  1   6.5  4909 -0.2 0
2 2018  12 0 0 0  0   1.2  1826 -0.5 0
2 2018  16 0 0 0  0  -8.4  7078 -0.1 0
2 2018  17 0 0 0  0  -5.1  1781 -0.3 0
2 2018  18 0 0 0  0  -2.4  9986 -0.4 0
2 2018  19 0 0 0  0   5.6  2574  0.0 0
2 2018  22 0 0 0  1  -3.2  3747 -0.2 0
2 2018  23 0 0 0  0  -1.0  5166  0.4 0
2 2018  24 0 0 0  1  -8.6  6697  0.1 0
2 2018  25 0 0 0  1   6.9  4193 -0.1 0
2 2018  26 0 0 0  1   8.9  3267 -0.4 0
2 2018  29 0 0 0  0   8.5  7859  0.8 0
2 2018  30 0 0 0  1   8.0  7979 -0.3 0
2 2018  31 0 0 0  1  -3.0  8812  0.1 0
2 2018  32 0 0 0  0   9.8  6779 -0.6 0
2 2018  33 0 0 0  0  -1.7  9383  0.7 0
2 2018  36 0 0 0  0  -8.3  5143  0.1 0
2 2018  37 0 0 0  0  -1.5  3260 -0.2 0
2 2018  38 0 0 0  0   0.1  7968 -0.9 0
2 2018  39 0 0 0  0  -9.2  8261  0.0 0
2 2018  40 0 0 0  1   4.4  1509  0.7 0
2 2018  43 0 0 0  0   1.9  9994  1.0 0
2 2018  44 0 0 0  0   1.5  2493  1.0 0
2 2018  45 0 0 0  0   8.9  7084 -1.0 0
2 2018  46 0 0 0  0  -1.8  6998 -0.6 0
2 2018  47 0 0 0  0   9.7  9411  0.1 0
2 2018  51 0 0 0  0  -2.2  2975 -0.7 0
2 2018  52 0 0 0  0  -1.7  5166 -0.3 1
2 2018  53 0 0 0  1   9.7  5821 -1.0 0
2 2018  54 0 0 0  1   1.3  3417  0.2 0
2 2018  57 0 0 0  1  -6.9  1521 -0.5 0
2 2018  58 0 0 0  1   8.9  9909  0.1 0
2 2018  59 0 0 0  2  -0.8  7831 -0.2 0
2 2018  60 0 1 0  2  -7.5  5811  0.1 0
2 2018  61 0 1 0  2  -7.9  6384  0.5 1
2 2018  64 0 0 0  2  -5.5  9250 -1.0 0
2 2018  65 0 1 0  2  -4.7  4801  0.1 0
2 2018  66 0 0 0  2   7.1  2975  0.1 0
2 2018  67 0 0 0  1   6.0  6114 -0.2 0
2 2018  68 0 0 0  1   8.8  2364  0.3 0
2 2018  71 0 1 0  1  -9.7  5712 -0.3 0
2 2018  72 0 0 0  1   3.7  7215 -0.6 0
2 2018  73 0 0 0  2  -3.5  2100  0.0 0
2 2018  74 0 0 0  2   9.1  9359 -0.4 0
2 2018  75 0 0 0  2   9.0  1553  0.2 0
2 2018  78 0 0 0  2  -2.3  5384  0.4 1
2 2018  79 0 0 0  2   0.8  6140 -0.6 0
2 2018  80 0 1 0  2  -8.8  3242 -0.5 0
2 2018  81 0 0 0  1   2.3  7927  0.1 0
2 2018  82 0 0 0  2   1.6  4305  0.7 0
2 2018  85 0 0 0  2  -5.3  4182  0.0 0
2 2018  86 0 0 0  2  -1.3  8504 -0.2 0
2 2018  87 0 1 0  1  -4.2  7494 -0.7 0
2 2018  88 0 1 0  1  -7.9  8269 -0.5 0
2 2018  89 0 0 0  1  -9.6  3255  0.1 0
2 2018  92 1 0 0  1   3.8  3775  0.6 0
2 2018  93 1 1 0  2  -4.3  2491  0.7 0
2 2018  94 1 1 0  2  -2.5  6386  0.6 0
2 2018  95 1 0 0  2  -3.6  9105 -0.1 0
2 2018  96 1 1 0  2  -6.5  2355  0.5 1
2 2018  99 1 0 0  2   6.5  6865  0.2 0
2 2018 100 1 1 0  3  -6.5  6577 -0.7 0
2 2018 101 1 0 0  2  -1.7   176  1.0 0
2 2018 102 1 0 0  2   6.9  7180 -0.1 0
2 2018 103 1 0 0  3   9.3  5593 -0.2 0
2 2018 106 1 0 0  3   0.9  9584 -0.5 0
2 2018 107 1 0 0  2  -7.4  1451  0.9 0
2 2018 108 1 0 0  2   7.9  7085  0.3 0
2 2018 109 1 0 1  3  -3.6  8320  0.0 0
2 2018 110 1 0 0  2   2.4  3977  0.8 0
2 2018 113 1 0 0  3   8.1  7993  0.7 0
2 2018 114 1 1 1  3  -9.0  9857 -0.7 0
2 2018 115 1 0 0  3  -0.8  9504  0.9 0
2 2018 116 1 0 0  3   1.7  9393  0.6 0
2 2018 117 1 0 0  3  -9.4  3539  0.8 0
2 2018 120 1 0 1  3   1.6  4153  0.1 0
2 2018 121 1 1 0  3  -8.8  5316  0.4 0
2 2018 122 1 0 0  3   6.5  5273  0.2 0
2 2018 123 1 0 0  3  -1.0  8818 -0.3 0
2 2018 124 1 0 0  3   5.9  8146  1.0 0
2 2018 127 1 0 0  2   1.2  5922 -0.5 0
2 2018 128 1 0 0  3   7.9  9182 -0.1 0
2 2018 129 1 0 0  3  -7.7  9797  0.2 0
2 2018 130 1 0 1  2   8.8  4815  0.9 0
2 2018 131 1 0 0  2   4.0  2539 -0.2 0
2 2018 134 1 0 0  2   1.2  3538 -0.6 0
2 2018 135 1 0 0  3   0.6  9114  0.7 0
2 2018 136 1 0 0  3   4.7  6342 -0.2 0
2 2018 137 1 1 0  2  -4.0  5245  0.7 1
2 2018 138 1 0 1  2   3.7  9485 -0.6 0
2 2018 141 1 0 0  2  -7.4  9897 -0.3 0
2 2018 142 1 0 0  2   4.7   871  0.4 0
2 2018 143 1 0 0  2   4.3  7347  0.7 0
2 2018 144 1 0 0  1  -1.0  1071 -0.2 0
2 2018 145 1 0 0  1   8.0  2184  0.2 0
2 2018 149 1 0 0  1   4.5  8322  0.3 0
2 2018 150 1 0 0  1   5.6   867  0.1 0
2 2018 151 1 0 0  1  -5.9  3188 -0.3 0
2 2018 152 1 0 0  1   8.6  1957  0.0 0
2 2018 155 1 0 0  1   0.4  6247  0.5 0
2 2018 156 1 0 0  1  -3.6  8186 -0.8 0
2 2018 157 1 0 0  1  -1.4  7401 -0.7 1
2 2018 158 1 0 0  1  -5.7    28  0.6 0
2 2018 159 1 0 0  1  -8.3  2824 -0.4 1
2 2018 162 1 1 0  1  -6.1  9825  0.1 1
2 2018 163 1 0 0  1   1.3   497  0.9 0
2 2018 164 1 0 0  1  -2.1  4774 -0.7 1
2 2018 165 1 0 0  1   5.6  5527  0.4 0
2 2018 166 1 0 0  1   4.1  1072  0.0 0
2 2018 169 1 0 0  1  -9.0  5870 -0.9 0
2 2018 170 1 0 0  1   5.1  1618  0.6 0
2 2018 171 1 0 0  2   3.3  6458  0.7 0
2 2018 172 1 0 0  1   6.0  6984  0.2 0
2 2018 173 1 0 0  1   5.6  6370 -0.1 0
2 2018 176 1 0 0  1  -9.0  3081 -0.8 0
2 2018 177 1 0 0  1   8.9   785  0.7 0
2 2018 178 1 0 0  1   7.5  7107  0.6 0
2 2018 179 1 1 0  2  -7.5  7491 -0.5 0
2 2018 180 1 0 0  2  -9.7   741  0.2 0
2 2018 183 1 0 0  2  -1.6  2900  0.2 0
2 2018 184 1 0 0  1   7.1  4230  0.3 0
2 2018 186 1 0 0  2   6.7  4466  0.3 0
2 2018 187 1 0 0  2   9.9  7998 -0.2 0
2 2018 190 1 0 0  2   6.9  3653 -0.8 0
2 2018 191 1 0 0  2  -1.7  2742 -0.2 0
2 2018 192 1 1 0  2  -3.4  1777 -0.7 0
2 2018 193 1 0 0  2   3.2   584  0.5 0
2 2018 194 1 0 0  1   7.7  1104 -0.3 0
2 2018 197 1 0 0  2   6.9  8251 -0.4 0
2 2018 198 1 1 0  1  -3.6  2875  0.1 0
2 2018 199 1 0 0  2   2.9  1042 -0.3 0
2 2018 200 1 0 0  2  -8.3  4026  0.9 0
2 2018 201 1 0 0  2   7.5  1067  0.3 0
2 2018 204 1 0 0  1  -9.1  2350 -0.7 0
2 2018 205 1 0 0  2  -4.3   576  0.8 0
2 2018 206 1 0 0  1   7.5  6336  0.4 0
2 2018 207 1 0 0  2   6.2  7454  0.5 0
2 2018 208 1 0 0  2   6.3  2856  0.2 0
2 2018 211 1 1 0  2  -6.4   697  0.4 1
2 2018 212 1 0 0  2  -4.7  6648  0.3 1
2 2018 213 2 0 0  2   7.0  6535 -0.6 0
2 2018 214 2 0 0  2   8.6  5954  0.4 0
2 2018 215 2 0 0  1  -6.4  7704 -0.7 1
2 2018 218 2 0 0  1  -4.9  3558  0.0 0
2 2018 219 2 0 0  1   1.3   390 -0.4 0
2 2018 220 2 0 0  1  -6.1  6584  0.8 0
2 2018 221 2 0 0  1   2.4  5180  0.9 0
2 2018 222 2 0 0  1  -8.4  1404 -1.0 0
2 2018 225 2 0 0  1  -0.9  3326 -0.6 0
2 2018 226 2 0 0  0   1.4  7783  0.0 0
2 2018 227 2 1 0  1  -6.2  2674  0.3 0
2 2018 228 2 0 0  1   7.9  4607 -0.3 0
2 2018 229 2 0 0  1  -6.6  6241  0.5 0
2 2018 232 2 0 0  2   4.9  9370 -0.5 0
2 2018 233 2 0 0  1  -1.4  1392  0.1 0
2 2018 234 2 0 0  1   7.1  3229  1.0 0
2 2018 235 2 0 0  1   2.6   261  0.9 0
2 2018 236 2 0 0  1  -2.9  8526 -1.0 0
2 2018 239 2 0 0  1   1.4  7093  0.0 0
2 2018 240 2 0 0  0   4.1   514 -0.6 0
2 2018 241 2 0 0  0  -4.9  7702  0.2 0
2 2018 242 2 0 0  0   3.1  6955  0.3 0
2 2018 243 2 1 0  0  -2.8  4369 -0.8 0
2 2018 247 2 0 0  0  -7.1   376 -0.6 0
2 2018 248 2 0 0  0   9.9  1431 -0.8 0
2 2018 249 2 0 0  0  -6.1  9547  1.0 0
2 2018 250 2 0 0  1   5.6  1998 -0.9 0
2 2018 253 2 0 0  0  -7.7    62  0.3 0
2 2018 254 2 0 0  0   2.1  3232  0.5 0
2 2018 255 2 0 0  1  -8.5  7250 -0.5 0
2 2018 256 2 0 0  1  -5.2  2031 -0.8 0
2 2018 257 2 0 0  1   5.1  4861  0.9 0
2 2018 260 2 0 0  0  -3.9  8692 -1.0 0
2 2018 261 2 0 0  0  -8.4  8092  0.1 0
2 2018 262 2 0 0  0   1.4   196 -0.8 0
2 2018 263 2 0 0  1  -8.4  9325 -0.2 0
2 2018 264 2 0 0  0   2.5  5135  0.7 0
2 2018 267 2 0 0  0   1.9  7563  0.0 0
2 2018 268 2 0 0  1   1.5  2501 -0.6 0
2 2018 269 2 0 0  1  -0.3  2447  0.2 0
2 2018 270 2 0 0  0  -5.3  3555 -0.7 0
2 2018 271 2 0 0  0   4.0  4549 -0.3 0
2 2018 274 2 0 0  1   2.4   979  0.1 0
2 2018 275 2 0 0  0  -4.0  8499  0.5 0
2 2018 276 2 0 0  0   7.5  7028  0.9 0
2 2018 277 2 0 0  1  -6.8  6054  0.8 0
2 2018 278 2 0 0  1  -4.1  5120  1.0 0
2 2018 282 2 1 0  1  -1.6  3184 -0.6 1
2 2018 283 2 0 0  1  -3.7  8005  0.8 0
2 2018 284 2 0 0  1   5.9  5269 -0.8 0
2 2018 285 2 1 0  1  -8.3  7364  0.2 0
2 2018 288 2 0 0  1  -3.7  3659  1.0 0
2 2018 289 2 0 0  1  -1.9  7941  0.0 0
2 2018 290 2 0 0  2   5.2  9913 -0.7 0
2 2018 291 2 1 0  2  -3.7  6160  0.3 0
2 2018 292 2 0 0  1   6.4  6904 -0.8 0
2 2018 295 2 0 0  1  -6.0  9729  0.4 0
2 2018 296 2 0 0  1  -5.9  9608 -0.6 0
2 2018 297 2 0 0  1   8.4  6144  0.7 0
2 2018 298 2 0 0  1   9.4   565  1.0 0
2 2018 299 2 0 0  0   8.3  2160  0.5 0
2 2018 302 2 0 0  1  -4.0  1505  0.1 0
2 2018 303 2 0 0  1   3.4  6821  1.0 0
2 2018 304 2 0 0  0  -6.0  1888 -0.2 0
2 2018 305 2 0 0  1   7.8  3694  0.5 0
2 2018 306 2 0 0  1   2.8  5234  0.0 0
2 2018 309 2 0 0  1  -9.4  6798  0.7 0
2 2018 310 2 0 0  1  -8.0  9528  0.1 0
2 2018 311 2 0 0  0   6.0  4610 -0.2 0
2 2018 312 2 0 0  0  -1.5  3207  0.0 0
2 2018 313 2 0 0  0   6.6  8385  0.2 0
2 2018 317 2 0 0  1  -4.8  3279  0.8 0
2 2018 318 2 0 0  0   1.8   890  1.0 0
2 2018 319 2 1 0  0  -2.1   202 -0.4 1
2 2018 320 2 0 0  0   0.0  9860 -0.5 0
2 2018 323 2 0 0  0  -3.7  1272  0.9 0
2 2018 324 2 0 0  0  -3.0     0 -0.1 0
2 2018 325 2 0 0  0   6.5  3125  0.3 0
2 2018 327 2 0 0  0  -9.2  1967 -0.1 0
2 2018 330 2 0 0  0  -7.0   497  0.5 0
2 2018 331 2 0 0  1  -3.1  4424 -1.0 0
2 2018 332 2 0 0  0   7.3  6183 -1.0 0
2 2018 333 2 0 0  0  -8.9  1032 -0.2 0
2 2018 334 2 1 0  0  -5.2  3847  0.4 0
2 2018 337 3 0 0  1   7.9  8004 -0.3 0
2 2018 338 3 0 0  0   2.0  8922 -0.5 0
2 2018 339 3 0 0  0   6.3  5681  0.3 0
2 2018 340 3 0 0  0   7.2  8102  0.7 0
2 2018 341 3 0 0  0  -0.9  7644  0.4 0
2 2018 344 3 0 0  0   6.0  2376  0.9 0
2 2018 345 3 1 0  0  -4.8  6493 -0.8 0
2 2018 346 3 1 0  0  -3.5  9018 -0.5 0
2 2018 347 3 0 0  0  -0.5  8985  0.2 0
2 2018 348 3 0 0  0   9.2  1743 -0.3 0
2 2018 351 3 1 0  0 -10.0  8265 -0.7 0
2 2018 352 3 0 0  0  -4.7  8879  1.0 0
2 2018 353 3 1 0  0  -5.3  1168 -0.8 0
2 2018 354 3 0 0  0   7.8  9790 -0.1 0
2 2018 355 3 1 0  0   6.2  9721 -0.9 0
2 2018 358 3 0 0  0   2.1  6287  0.7 0
2 2018 360 3 0 0  1   7.5  8033 -1.0 0
2 2018 361 3 0 0  0  -7.7  1359 -0.3 0
2 2018 362 3 0 0  0   2.0   562  0.0 0
2 2018 365 3 0 0  0  -9.8  2103  0.8 0
2 2019   2 0 0 0  0   7.8  9257  0.2 0
2 2019   3 0 0 0  0   3.2  8046 -0.5 0
2 2019   4 0 0 0  0  -7.2  2536 -0.8 0
2 2019   7 0 0 0  0  -5.5  6172 -0.9 0
2 2019   8 0 0 0  0   8.2  7285 -0.7 0
2 2019   9 0 0 0  0   1.2  8128  0.1 0
2 2019  10 0 0 0  0   3.9  1742  0.3 0
2 2019  11 0 1 0  0  -3.3  5859  0.5 1
2 2019  14 0 0 0  0   4.6  3060 -0.4 0
2 2019  15 0 0 0  0   6.8  3039  0.8 0
2 2019  16 0 0 0  0   7.9  6401 -1.0 0
2 2019  17 0 0 0  0   3.5   145 -0.1 0
2 2019  18 0 0 0  0  -5.2  7778  0.5 0
2 2019  22 0 1 0  1  -6.3  2080  0.6 1
2 2019  23 0 0 0  0   6.0  6774  1.0 0
2 2019  24 0 0 0  0  -1.8  6465 -1.0 0
2 2019  25 0 1 0  1  -4.3  2086  0.5 0
2 2019  28 0 0 0  0   5.3  8540 -0.1 0
2 2019  29 0 0 0  0   8.0  2384  1.0 0
2 2019  30 0 1 0  1  -1.3  4972  0.7 0
2 2019  31 0 0 0  1   7.6  9659  0.7 0
2 2019  32 0 0 0  1  -7.7  8022  0.0 0
2 2019  35 0 1 0  1  -2.7  9739  0.6 0
2 2019  36 0 0 0  2  -5.1  5488  0.6 0
2 2019  37 0 0 0  2  -6.5  4833 -0.4 0
2 2019  38 0 0 0  2  -5.6  1920 -0.1 0
2 2019  39 0 0 0  2   2.7  6143 -0.3 0
2 2019  42 0 1 0  2  -3.5  9928 -0.8 0
2 2019  43 0 1 0  2  -5.2  4174  0.5 0
2 2019  44 0 0 0  1  -8.7  7007  1.0 0
2 2019  45 0 1 0  1  -5.4  2013  0.1 0
2 2019  46 0 1 0  1  -6.8  1571  0.3 0
2 2019  50 0 0 0  1   5.9  4541 -0.1 0
2 2019  51 0 0 0  1   4.1  5792 -0.3 0
2 2019  52 0 0 0  1  -0.2  3328  0.7 0
2 2019  53 0 1 0  1  -3.1  7966 -0.7 0
2 2019  56 0 1 0  1  -4.4  4578 -0.7 1
2 2019  57 0 0 0  1  -4.1  1644 -0.8 0
2 2019  58 0 0 0  1   9.2  6228 -1.0 0
2 2019  59 0 0 0  2   3.4  5608  0.0 0
2 2019  60 0 0 0  1  -6.4  1267  0.9 0
2 2019  63 0 0 0  1  -1.0  6637 -0.2 0
2 2019  64 0 0 0  1  -9.4  9229 -0.3 0
2 2019  65 0 1 0  1  -9.5  8043  0.3 0
2 2019  66 0 1 0  1  -3.4  7840 -0.5 0
2 2019  67 0 0 0  1  -0.3  5973 -0.9 0
2 2019  70 0 0 0  1  -8.8  4102 -0.8 0
2 2019  71 0 0 0  2  -5.3  3753  0.3 0
2 2019  72 0 0 0  1   6.7  2882 -0.1 0
2 2019  73 0 0 0  1  -5.0  9873 -0.8 0
2 2019  74 0 0 0  1   1.8  9067  0.1 0
2 2019  77 0 0 0  1  -5.7  4461  0.6 0
2 2019  78 0 0 0  1  -6.7  3963  0.9 0
2 2019  79 0 1 0  0  -7.2  4066 -0.5 0
2 2019  80 0 0 0  0   2.5  6471  0.7 0
2 2019  81 0 0 0  1  -1.0  9920  0.8 0
2 2019  84 0 0 0  1   2.8  8187 -0.6 0
2 2019  85 0 0 0  0   5.4  6756  0.2 0
2 2019  86 0 0 0  0   1.1  2411  0.4 0
2 2019  87 0 0 0  0  -3.8  2331 -1.0 0
2 2019  88 0 0 0  0  -0.5  3353  0.4 0
2 2019  91 1 0 0  0  -7.5  4840  0.1 0
2 2019  92 1 0 0  0   5.3  4816  0.1 0
2 2019  93 1 0 0  1  -8.3  5775  0.0 0
2 2019  94 1 0 0  0   8.2  9201 -0.2 0
2 2019  95 1 0 0  0  -1.5  7541  0.1 0
2 2019  98 1 0 0  0   2.4  7100  0.6 0
2 2019  99 1 0 0  0  -6.1  6191  0.0 0
2 2019 100 1 0 0  0  -5.0  1526  0.9 0
2 2019 101 1 0 0  0  -5.1  6854  0.8 0
2 2019 102 1 0 0  1  -4.7     9 -0.8 0
2 2019 105 1 0 0  0  -5.8  8085 -0.7 0
2 2019 106 1 1 0  1  -3.4  9454  0.7 0
2 2019 107 1 0 0  0   7.4  9662  0.6 0
2 2019 108 1 0 0  1   1.1  7919 -0.2 0
2 2019 109 1 0 0  0   5.1  4920 -0.2 0
2 2019 112 1 1 0  1  -3.7  7607 -0.6 0
2 2019 113 1 0 0  1  -2.4  1329 -0.3 0
2 2019 114 1 0 0  1  -8.6  7137  0.2 0
2 2019 115 1 0 0  0  -4.0  7971  0.5 0
2 2019 116 1 0 0  0  -5.8  5506 -0.5 0
2 2019 119 1 0 0  0  -6.2  8853  0.3 0
2 2019 120 1 0 0  0  -8.7    34  0.5 0
2 2019 121 1 0 0  1  -0.9  9371 -0.8 0
2 2019 122 1 0 0  1  -9.0     3 -0.4 0
2 2019 123 1 0 0  1  -2.6  8619 -0.8 0
2 2019 126 1 0 0  1   7.9  8435 -0.7 0
2 2019 127 1 0 0  1  -5.9  7744  0.4 0
2 2019 128 1 0 0  1  -4.0  5067  0.0 0
2 2019 129 1 0 0  0  -7.0  2419 -0.7 0
2 2019 130 1 1 0  0  -3.9  7890  0.3 0
2 2019 133 1 0 0  1  -2.3  3436  0.5 0
2 2019 134 1 0 0  1  -3.6  6382 -0.5 0
2 2019 135 1 0 0  1  -1.7  6919  0.0 0
2 2019 136 1 1 0  1  -5.8  4105  0.3 0
2 2019 137 1 0 0  1   3.1  9894  0.5 0
2 2019 140 1 0 0  1   6.1  5910  0.0 0
2 2019 141 1 0 0  1   2.8  3304 -0.4 0
2 2019 142 1 0 0  1   0.0  8662  0.8 0
2 2019 143 1 0 0  2   1.6  9682  0.7 0
2 2019 144 1 0 0  1   5.0  1028  0.5 0
2 2019 148 1 0 0  1  -2.0  9681 -0.3 0
2 2019 149 1 0 0  1   4.8  4163  0.2 0
2 2019 150 1 0 0  1   0.1    36  0.3 0
2 2019 151 1 0 0  1   0.6   267  0.6 0
2 2019 154 1 0 0  1   6.9   838  0.5 0
2 2019 155 1 0 0  1  -4.0  6373  0.7 0
2 2019 156 1 0 0  1  -3.8  7862 -1.0 0
2 2019 157 1 0 0  1  -3.5  6808 -0.5 0
2 2019 158 1 0 0  1   3.8  8989  1.0 0
2 2019 161 1 0 0  0  -3.9  1081 -0.2 0
2 2019 162 1 0 0  0   1.9  8368 -0.7 0
2 2019 163 1 0 0  0  -5.5  6355 -0.4 1
2 2019 164 1 0 0  0  -7.8  1039 -0.5 0
2 2019 165 1 0 0  1   6.1  5757 -1.0 0
2 2019 168 1 0 0  1   0.3  3479 -0.5 0
2 2019 169 1 0 0  0   9.0  3715  0.5 0
2 2019 170 1 0 0  1  -9.1  7420 -0.4 1
2 2019 171 1 1 0  1  -9.9  5163  0.4 0
2 2019 172 1 0 0  0   2.6  9069  0.7 0
2 2019 175 1 0 0  1  -1.9  4031 -0.1 0
2 2019 176 1 0 0  1   7.0  2243 -0.2 0
2 2019 177 1 0 0  2   3.5  5960 -0.8 0
2 2019 178 1 0 0  1  -5.3  1524 -0.6 0
2 2019 179 1 0 0  1  -1.5  5215 -0.7 0
