0 2017   3 0 102.2
0 2017   4 0 102.2
0 2017   5 0 102.2
0 2017   6 0 102.2
0 2017   9 0 102.2
0 2017  10 0 104.3
0 2017  11 0 106.8
0 2017  12 0 106.8
0 2017  13 0 108.9
0 2017  17 0 108.9
0 2017  18 0 107.5
0 2017  19 0 108.2
0 2017  20 0 108.2
0 2017  23 0 108.2
0 2017  24 0 108.6
0 2017  25 0 106.8
0 2017  26 0 104.4
0 2017  27 0 106.9
0 2017  30 0 109.2
0 2017  31 0 108.5
0 2017  32 0 108.5
0 2017  33 0 108.7
0 2017  34 0 109.4
0 2017  37 0 109.1
0 2017  38 0 109.1
0 2017  39 0 107.8
0 2017  40 0 109.4
0 2017  41 0 109.9
0 2017  44 0 107.6
0 2017  45 0 106.0
0 2017  46 0 107.5
0 2017  47 0 108.2
0 2017  48 0 108.2
0 2017  52 0 110.5
0 2017  53 0 107.7
0 2017  54 0 110.6
0 2017  55 0 113.3
0 2017  58 0 114.1
0 2017  59 0 114.1
0 2017  60 0 116.8
0 2017  61 0 116.8
0 2017  62 0 119.4
0 2017  65 0 119.4
0 2017  66 0 119.4
0 2017  67 0 120.3
0 2017  68 0 122.6
0 2017  69 0 121.8
0 2017  72 0 124.8
0 2017  73 0 122.4
0 2017  74 0 122.4
0 2017  75 0 122.7
0 2017  76 0 123.4
0 2017  79 0 121.0
0 2017  80 0 121.0
0 2017  81 0 122.8
0 2017  82 0 123.3
0 2017  83 0 123.3
0 2017  86 0 126.1
0 2017  87 0 126.1
0 2017  88 0 126.1
0 2017  89 0 126.1
0 2017  90 0 124.9
0 2017  93 1 124.9
0 2017  94 1 124.9
0 2017  95 1 123.9
0 2017  96 1 121.1
0 2017  97 1 121.1
0 2017 100 1 121.1
0 2017 101 1 121.4
0 2017 102 1 123.4
0 2017 103 1 123.7
0 2017 104 1 124.9
0 2017 107 1 124.9
0 2017 108 1 124.9
0 2017 109 1 123.5
0 2017 110 1 123.5
0 2017 111 1 123.5
0 2017 114 1 123.5
0 2017 115 1 123.5
0 2017 116 1 125.0
0 2017 117 1 126.7
0 2017 118 1 126.7
0 2017 121 1 127.5
0 2017 122 1 127.5
0 2017 123 1 127.9
0 2017 124 1 128.0
0 2017 125 1 128.0
0 2017 128 1 128.0
0 2017 129 1 129.0
0 2017 130 1 128.2
0 2017 131 1 130.4
0 2017 132 1 130.4
0 2017 135 1 129.9
0 2017 136 1 131.1
0 2017 137 1 130.2
0 2017 138 1 131.9
0 2017 139 1 133.8
0 2017 142 1 135.0
0 2017 143 1 134.7
0 2017 144 1 132.8
0 2017 145 1 130.2
0 2017 146 1 130.9
0 2017 150 1 133.0
0 2017 151 1 133.0
0 2017 152 1 133.8
0 2017 153 1 133.8
0 2017 156 1 134.5
0 2017 157 1 134.5
0 2017 158 1 133.5
0 2017 159 1 130.9
0 2017 160 1 133.4
0 2017 163 1 133.6
0 2017 164 1 135.0
0 2017 165 1 136.6
0 2017 166 1 139.3
0 2017 167 1 136.6
0 2017 170 1 138.7
0 2017 171 1 139.6
0 2017 172 1 142.3
0 2017 173 1 144.6
0 2017 174 1 144.6
0 2017 177 1 144.6
0 2017 178 1 142.1
0 2017 179 1 144.1
0 2017 180 1 143.7
0 2017 181 1 143.7
0 2017 184 1 146.5
0 2017 186 1 146.1
0 2017 187 1 146.1
0 2017 188 1 146.1
0 2017 191 1 145.8
0 2017 192 1 145.8
0 2017 193 1 145.8
0 2017 194 1 145.8
0 2017 195 1 145.8
0 2017 198 1 145.8
0 2017 199 1 148.2
0 2017 200 1 150.1
0 2017 201 1 152.3
0 2017 202 1 152.3
0 2017 205 1 149.9
0 2017 206 1 147.4
0 2017 207 1 147.4
0 2017 208 1 149.1
0 2017 209 1 150.3
0 2017 212 1 150.3
0 2017 213 2 152.9
0 2017 214 2 153.7
0 2017 215 2 153.7
0 2017 216 2 155.9
0 2017 219 2 155.9
0 2017 220 2 154.3
0 2017 221 2 156.1
0 2017 222 2 157.4
0 2017 223 2 156.2
0 2017 226 2 154.5
0 2017 227 2 151.7
0 2017 228 2 151.7
0 2017 229 2 153.2
0 2017 230 2 155.0
0 2017 233 2 153.3
0 2017 234 2 153.3
0 2017 235 2 153.5
0 2017 236 2 155.4
0 2017 237 2 152.7
0 2017 240 2 152.7
0 2017 241 2 154.2
0 2017 242 2 154.2
0 2017 243 2 154.2
0 2017 244 2 154.2
0 2017 248 2 153.1
0 2017 249 2 153.6
0 2017 250 2 151.1
0 2017 251 2 150.7
0 2017 254 2 152.7
0 2017 255 2 150.4
0 2017 256 2 152.0
0 2017 257 2 154.8
0 2017 258 2 154.8
0 2017 261 2 155.9
0 2017 262 2 158.3
0 2017 263 2 158.3
0 2017 264 2 158.3
0 2017 265 2 158.3
0 2017 268 2 160.3
0 2017 269 2 160.2
0 2017 270 2 162.4
0 2017 271 2 162.4
0 2017 272 2 160.1
0 2017 275 2 161.3
0 2017 276 2 163.9
0 2017 277 2 166.8
0 2017 278 2 165.5
0 2017 279 2 167.3
0 2017 283 2 167.3
0 2017 284 2 167.3
0 2017 285 2 169.2
0 2017 286 2 169.2
0 2017 289 2 171.4
0 2017 290 2 168.5
0 2017 291 2 166.3
0 2017 292 2 166.3
0 2017 293 2 166.3
0 2017 296 2 169.0
0 2017 297 2 168.6
0 2017 298 2 170.5
0 2017 299 2 171.0
0 2017 300 2 171.0
0 2017 303 2 169.1
0 2017 304 2 166.6
0 2017 305 2 166.6
0 2017 306 2 165.7
0 2017 307 2 164.4
0 2017 310 2 167.3
0 2017 311 2 166.0
0 2017 312 2 168.4
0 2017 313 2 166.9
0 2017 317 2 167.1
0 2017 318 2 164.4
0 2017 319 2 163.3
0 2017 320 2 161.3
0 2017 321 2 161.9
0 2017 324 2 161.9
0 2017 325 2 161.9
0 2017 326 2 161.0
0 2017 328 2 158.8
0 2017 331 2 159.5
0 2017 332 2 159.1
0 2017 333 2 159.7
0 2017 334 2 159.7
0 2017 335 3 157.6
0 2017 338 3 157.6
0 2017 339 3 160.5
0 2017 340 3 163.3
0 2017 341 3 165.6
0 2017 342 3 163.8
0 2017 345 3 163.8
0 2017 346 3 166.4
0 2017 347 3 166.2
0 2017 348 3 166.1
0 2017 349 3 166.1
0 2017 352 3 166.1
0 2017 353 3 166.1
0 2017 354 3 167.6
0 2017 355 3 167.6
0 2017 356 3 167.6
0 2017 360 3 169.7
0 2017 361 3 171.9
0 2017 362 3 169.7
0 2017 363 3 168.0
0 2018   2 0 166.4
0 2018   3 0 167.9
0 2018   4 0 168.0
0 2018   5 0 168.2
0 2018   8 0 171.0
0 2018   9 0 169.4
0 2018  10 0 171.9
0 2018  11 0 172.4
0 2018  12 0 172.4
0 2018  16 0 173.1
0 2018  17 0 171.6
0 2018  18 0 171.6
0 2018  19 0 169.8
0 2018  22 0 172.2
0 2018  23 0 171.5
0 2018  24 0 169.8
0 2018  25 0 171.4
0 2018  26 0 173.7
0 2018  29 0 171.0
0 2018  30 0 171.7
0 2018  31 0 173.2
0 2018  32 0 173.2
0 2018  33 0 173.8
0 2018  36 0 171.5
0 2018  37 0 169.3
0 2018  38 0 167.3
0 2018  39 0 167.3
0 2018  40 0 167.3
0 2018  43 0 167.3
0 2018  44 0 169.7
0 2018  45 0 167.2
0 2018  46 0 165.3
0 2018  47 0 167.9
0 2018  51 0 170.6
0 2018  52 0 170.6
0 2018  53 0 172.3
0 2018  54 0 171.0
0 2018  57 0 171.0
0 2018  58 0 168.9
0 2018  59 0 170.8
0 2018  60 0 171.1
0 2018  61 0 170.1
0 2018  64 0 167.9
0 2018  65 0 169.4
0 2018  66 0 166.5
0 2018  67 0 166.5
0 2018  68 0 166.5
0 2018  71 0 166.5
0 2018  72 0 167.6
0 2018  73 0 170.5
0 2018  74 0 170.9
0 2018  75 0 169.4
0 2018  78 0 167.0
0 2018  79 0 169.9
0 2018  80 0 167.7
0 2018  81 0 165.9
0 2018  82 0 168.7
0 2018  85 0 170.9
0 2018  86 0 170.9
0 2018  87 0 171.6
0 2018  88 0 171.6
0 2018  89 0 171.6
0 2018  92 1 173.1
0 2018  93 1 174.9
0 2018  94 1 174.9
0 2018  95 1 173.6
0 2018  96 1 171.1
0 2018  99 1 169.6
0 2018 100 1 167.9
0 2018 101 1 167.9
0 2018 102 1 166.3
0 2018 103 1 163.8
0 2018 106 1 164.1
0 2018 107 1 166.5
0 2018 108 1 167.4
0 2018 109 1 164.4
0 2018 110 1 165.6
0 2018 113 1 165.6
0 2018 114 1 163.0
0 2018 115 1 163.0
0 2018 116 1 161.2
0 2018 117 1 161.2
0 2018 120 1 161.6
0 2018 121 1 162.1
0 2018 122 1 162.5
0 2018 123 1 162.5
0 2018 124 1 161.6
0 2018 127 1 163.4
0 2018 128 1 163.4
0 2018 129 1 163.8
0 2018 130 1 163.9
0 2018 131 1 166.3
0 2018 134 1 169.2
0 2018 135 1 171.5
0 2018 136 1 171.5
0 2018 137 1 171.5
0 2018 138 1 171.5
0 2018 141 1 171.5
0 2018 142 1 170.1
0 2018 143 1 171.2
0 2018 144 1 169.0
0 2018 145 1 169.2
0 2018 149 1 166.9
0 2018 150 1 166.9
0 2018 151 1 164.5
0 2018 152 1 164.5
0 2018 155 1 162.9
0 2018 156 1 162.7
0 2018 157 1 162.7
0 2018 158 1 161.4
0 2018 159 1 161.4
0 2018 162 1 159.3
0 2018 163 1 159.6
0 2018 164 1 158.9
0 2018 165 1 158.9
0 2018 166 1 158.5
0 2018 169 1 158.0
0 2018 170 1 158.0
0 2018 171 1 158.0
0 2018 172 1 157.6
0 2018 173 1 154.8
0 2018 176 1 153.5
0 2018 177 1 153.5
0 2018 178 1 152.9
0 2018 179 1 152.9
0 2018 180 1 153.7
0 2018 183 1 152.2
0 2018 184 1 152.1
0 2018 186 1 152.4
0 2018 187 1 152.4
0 2018 190 1 152.5
0 2018 191 1 149.9
0 2018 192 1 151.3
0 2018 193 1 148.7
0 2018 194 1 149.8
0 2018 197 1 147.6
0 2018 198 1 147.6
0 2018 199 1 147.6
0 2018 200 1 148.6
0 2018 201 1 148.6
0 2018 204 1 148.6
0 2018 205 1 146.2
0 2018 206 1 147.3
0 2018 207 1 149.9
0 2018 208 1 151.5
0 2018 211 1 153.5
0 2018 212 1 153.5
0 2018 213 2 153.5
0 2018 214 2 153.5
0 2018 215 2 153.5
0 2018 218 2 151.8
0 2018 219 2 151.2
0 2018 220 2 152.9
0 2018 221 2 152.9
0 2018 222 2 155.3
0 2018 225 2 154.8
0 2018 226 2 154.8
0 2018 227 2 154.8
0 2018 228 2 156.4
0 2018 229 2 156.1
0 2018 232 2 156.1
0 2018 233 2 154.3
0 2018 234 2 154.3
0 2018 235 2 156.9
0 2018 236 2 156.9
0 2018 239 2 156.4
0 2018 240 2 155.9
0 2018 241 2 157.0
0 2018 242 2 157.0
0 2018 243 2 154.9
0 2018 247 2 154.3
0 2018 248 2 154.3
0 2018 249 2 154.3
0 2018 250 2 153.6
0 2018 253 2 151.1
0 2018 254 2 151.1
0 2018 255 2 152.6
0 2018 256 2 155.6
0 2018 257 2 153.2
0 2018 260 2 152.1
0 2018 261 2 153.8
0 2018 262 2 153.8
0 2018 263 2 155.7
0 2018 264 2 154.5
0 2018 267 2 157.5
0 2018 268 2 155.6
0 2018 269 2 156.0
0 2018 270 2 155.4
0 2018 271 2 157.5
0 2018 274 2 160.3
0 2018 275 2 159.3
0 2018 276 2 158.6
0 2018 277 2 158.6
0 2018 278 2 158.3
0 2018 282 2 158.9
0 2018 283 2 159.3
0 2018 284 2 159.3
0 2018 285 2 162.0
0 2018 288 2 159.5
0 2018 289 2 160.9
0 2018 290 2 160.9
0 2018 291 2 162.9
0 2018 292 2 162.9
0 2018 295 2 161.6
0 2018 296 2 162.9
0 2018 297 2 160.3
0 2018 298 2 160.1
0 2018 299 2 162.1
0 2018 302 2 160.1
0 2018 303 2 160.1
0 2018 304 2 160.1
0 2018 305 2 157.5
0 2018 306 2 157.5
0 2018 309 2 156.5
0 2018 310 2 156.5
0 2018 311 2 158.2
0 2018 312 2 158.9
0 2018 313 2 160.2
0 2018 317 2 157.3
0 2018 318 2 155.6
0 2018 319 2 153.6
0 2018 320 2 154.8
0 2018 323 2 157.3
0 2018 324 2 157.3
0 2018 325 2 159.0
0 2018 327 2 157.4
0 2018 330 2 157.4
0 2018 331 2 160.0
0 2018 332 2 162.0
0 2018 333 2 162.0
0 2018 334 2 162.0
0 2018 337 3 159.1
0 2018 338 3 159.1
0 2018 339 3 161.0
0 2018 340 3 163.9
0 2018 341 3 163.9
0 2018 344 3 166.3
0 2018 345 3 169.2
0 2018 346 3 171.7
0 2018 347 3 170.2
0 2018 348 3 172.7
0 2018 351 3 175.2
0 2018 352 3 175.2
0 2018 353 3 175.2
0 2018 354 3 177.5
0 2018 355 3 177.5
0 2018 358 3 177.5
0 2018 360 3 177.5
0 2018 361 3 177.5
0 2018 362 3 177.5
0 2018 365 3 176.9
0 2019   2 0 176.7
0 2019   3 0 176.0
0 2019   4 0 176.0
0 2019   7 0 176.0
0 2019   8 0 176.0
0 2019   9 0 173.4
0 2019  10 0 173.5
0 2019  11 0 175.1
0 2019  14 0 172.6
0 2019  15 0 170.0
0 2019  16 0 168.3
0 2019  17 0 169.0
0 2019  18 0 169.0
0 2019  22 0 169.0
0 2019  23 0 169.0
0 2019  24 0 170.8
0 2019  25 0 171.3
0 2019  28 0 171.9
0 2019  29 0 170.1
0 2019  30 0 170.1
0 2019  31 0 170.1
0 2019  32 0 170.1
0 2019  35 0 170.1
0 2019  36 0 168.3
0 2019  37 0 166.7
0 2019  38 0 165.4
0 2019  39 0 165.4
0 2019  42 0 167.0
0 2019  43 0 169.4
0 2019  44 0 170.5
0 2019  45 0 169.4
0 2019  46 0 171.4
0 2019  50 0 169.8
0 2019  51 0 167.3
0 2019  52 0 167.2
0 2019  53 0 167.2
0 2019  56 0 166.6
0 2019  57 0 166.6
0 2019  58 0 168.8
0 2019  59 0 171.2
0 2019  60 0 171.5
0 2019  63 0 174.4
0 2019  64 0 174.4
0 2019  65 0 176.8
0 2019  66 0 176.5
0 2019  67 0 177.3
0 2019  70 0 176.5
0 2019  71 0 178.0
0 2019  72 0 175.3
0 2019  73 0 177.1
0 2019  74 0 174.7
0 2019  77 0 175.0
0 2019  78 0 175.6
0 2019  79 0 175.6
0 2019  80 0 178.0
0 2019  81 0 176.1
0 2019  84 0 176.6
0 2019  85 0 176.6
0 2019  86 0 176.6
0 2019  87 0 175.1
0 2019  88 0 172.4
0 2019  91 1 172.4
0 2019  92 1 172.4
0 2019  93 1 172.4
0 2019  94 1 169.6
0 2019  95 1 169.8
0 2019  98 1 169.4
0 2019  99 1 171.0
0 2019 100 1 169.1
0 2019 101 1 169.1
0 2019 102 1 166.6
0 2019 105 1 166.6
0 2019 106 1 167.9
0 2019 107 1 166.4
0 2019 108 1 166.4
0 2019 109 1 166.9
0 2019 112 1 166.9
0 2019 113 1 168.4
0 2019 114 1 168.4
0 2019 115 1 165.9
0 2019 116 1 165.9
0 2019 119 1 163.0
0 2019 120 1 165.7
0 2019 121 1 166.1
0 2019 122 1 166.3
0 2019 123 1 166.3
0 2019 126 1 166.3
0 2019 127 1 167.7
0 2019 128 1 166.2
0 2019 129 1 165.5
0 2019 130 1 167.3
0 2019 133 1 168.2
0 2019 134 1 170.8
0 2019 135 1 169.3
0 2019 136 1 169.3
0 2019 137 1 166.5
0 2019 140 1 166.5
0 2019 141 1 164.9
0 2019 142 1 163.0
0 2019 143 1 162.0
0 2019 144 1 159.5
0 2019 148 1 159.5
0 2019 149 1 161.2
0 2019 150 1 164.1
0 2019 151 1 162.7
0 2019 154 1 164.4
0 2019 155 1 167.1
0 2019 156 1 169.8
0 2019 157 1 169.8
0 2019 158 1 169.8
0 2019 161 1 168.5
0 2019 162 1 168.5
0 2019 163 1 167.3
0 2019 164 1 165.2
0 2019 165 1 167.5
0 2019 168 1 167.5
0 2019 169 1 167.1
0 2019 170 1 167.1
0 2019 171 1 165.2
0 2019 172 1 164.7
0 2019 175 1 164.7
0 2019 176 1 164.0
0 2019 177 1 164.0
0 2019 178 1 164.0
0 2019 179 1 166.5
1 2017   3 0  98.8
1 2017   4 0  98.1
1 2017   5 0  98.6
1 2017   6 0 101.3
1 2017   9 0 100.9
1 2017  10 0 103.7
1 2017  11 0 101.4
1 2017  12 0 101.7
1 2017  13 0 101.7
1 2017  17 0 101.7
1 2017  18 0  99.1
1 2017  19 0 101.2
1 2017  20 0 101.2
1 2017  23 0  99.6
1 2017  24 0  97.1
1 2017  25 0  99.0
1 2017  26 0  98.6
1 2017  27 0  96.0
1 2017  30 0  98.1
1 2017  31 0  97.1
1 2017  32 0  99.4
1 2017  33 0  97.1
1 2017  34 0  96.4
1 2017  37 0  94.8
1 2017  38 0  94.8
1 2017  39 0  91.8
1 2017  40 0  94.6
1 2017  41 0  94.8
1 2017  44 0  94.8
1 2017  45 0  91.8
1 2017  46 0  91.5
1 2017  47 0  90.6
1 2017  48 0  93.6
1 2017  52 0  94.3
1 2017  53 0  96.5
1 2017  54 0  98.9
1 2017  55 0  98.9
1 2017  58 0  97.3
1 2017  59 0  96.3
1 2017  60 0  93.9
1 2017  61 0  96.8
1 2017  62 0  98.3
1 2017  65 0  97.4
1 2017  66 0  96.0
1 2017  67 0  96.0
1 2017  68 0  97.9
1 2017  69 0  98.4
1 2017  72 0 101.2
1 2017  73 0  99.9
1 2017  74 0  97.8
1 2017  75 0  97.8
1 2017  76 0  99.1
1 2017  79 0  97.3
1 2017  80 0  97.3
1 2017  81 0  98.8
1 2017  82 0  98.8
1 2017  83 0 100.9
1 2017  86 0 100.9
1 2017  87 0  98.4
1 2017  88 0  98.4
1 2017  89 0  96.1
1 2017  90 0  94.8
1 2017  93 1  97.0
1 2017  94 1  97.0
1 2017  95 1  97.0
1 2017  96 1  98.6
1 2017  97 1  97.3
1 2017 100 1  94.7
1 2017 101 1  96.5
1 2017 102 1  97.8
1 2017 103 1  97.7
1 2017 104 1  95.5
1 2017 107 1  94.7
1 2017 108 1  94.7
1 2017 109 1  97.6
1 2017 110 1  97.6
1 2017 111 1  95.2
1 2017 114 1  97.0
1 2017 115 1  98.2
1 2017 116 1  95.2
1 2017 117 1  93.2
1 2017 118 1  93.6
1 2017 121 1  92.9
1 2017 122 1  90.1
1 2017 123 1  88.2
1 2017 124 1  88.2
1 2017 125 1  88.2
1 2017 128 1  88.2
1 2017 129 1  90.9
1 2017 130 1  88.6
1 2017 131 1  91.3
1 2017 132 1  90.2
1 2017 135 1  91.4
1 2017 136 1  93.5
1 2017 137 1  95.5
1 2017 138 1  97.6
1 2017 139 1  97.6
1 2017 142 1  95.5
1 2017 143 1  94.2
1 2017 144 1  93.3
1 2017 145 1  93.8
1 2017 146 1  92.4
1 2017 150 1  92.4
1 2017 151 1  90.1
1 2017 152 1  90.9
1 2017 153 1  90.9
1 2017 156 1  90.7
1 2017 157 1  90.7
1 2017 158 1  91.2
1 2017 159 1  93.0
1 2017 160 1  95.7
1 2017 163 1  94.4
1 2017 164 1  94.4
1 2017 165 1  94.4
1 2017 166 1  93.6
1 2017 167 1  94.5
1 2017 170 1  94.5
1 2017 171 1  94.5
1 2017 172 1  94.5
1 2017 173 1  94.0
1 2017 174 1  92.9
1 2017 177 1  92.9
1 2017 178 1  94.8
1 2017 179 1  94.1
1 2017 180 1  94.1
1 2017 181 1  94.1
1 2017 184 1  91.7
1 2017 186 1  92.7
1 2017 187 1  94.5
1 2017 188 1  92.4
1 2017 191 1  92.4
1 2017 192 1  92.4
1 2017 193 1  93.5
1 2017 194 1  92.8
1 2017 195 1  90.1
1 2017 198 1  90.1
1 2017 199 1  88.1
1 2017 200 1  88.3
1 2017 201 1  89.5
1 2017 202 1  89.6
1 2017 205 1  88.1
1 2017 206 1  87.2
1 2017 207 1  88.6
1 2017 208 1  91.0
1 2017 209 1  91.0
1 2017 212 1  89.4
1 2017 213 2  92.3
1 2017 214 2  92.3
1 2017 215 2  92.3
1 2017 216 2  93.4
1 2017 219 2  92.8
1 2017 220 2  91.2
1 2017 221 2  90.1
1 2017 222 2  93.1
1 2017 223 2  93.5
1 2017 226 2  93.5
1 2017 227 2  94.1
1 2017 228 2  94.1
1 2017 229 2  94.1
1 2017 230 2  94.0
1 2017 233 2  94.0
1 2017 234 2  93.5
1 2017 235 2  96.4
1 2017 236 2  96.7
1 2017 237 2  98.7
1 2017 240 2  97.3
1 2017 241 2  99.1
1 2017 242 2  96.4
1 2017 243 2  99.3
1 2017 244 2  99.7
1 2017 248 2  99.8
1 2017 249 2  99.6
1 2017 250 2 101.4
1 2017 251 2 103.2
1 2017 254 2 103.1
1 2017 255 2 103.8
1 2017 256 2 103.8
1 2017 257 2 102.8
1 2017 258 2 102.7
1 2017 261 2 103.4
1 2017 262 2 103.4
1 2017 263 2 103.0
1 2017 264 2 101.9
1 2017 265 2 104.1
1 2017 268 2 104.9
1 2017 269 2 107.1
1 2017 270 2 105.3
1 2017 271 2 106.0
1 2017 272 2 107.2
1 2017 275 2 104.9
1 2017 276 2 106.9
1 2017 277 2 106.7
1 2017 278 2 106.7
1 2017 279 2 107.9
1 2017 283 2 106.9
1 2017 284 2 106.8
1 2017 285 2 105.0
1 2017 286 2 103.0
1 2017 289 2 103.0
1 2017 290 2 103.6
1 2017 291 2 104.9
1 2017 292 2 106.1
1 2017 293 2 105.6
1 2017 296 2 105.6
1 2017 297 2 103.3
1 2017 298 2 104.1
1 2017 299 2 104.1
1 2017 300 2 104.6
1 2017 303 2 104.7
1 2017 304 2 104.7
1 2017 305 2 106.7
1 2017 306 2 104.3
1 2017 307 2 104.3
1 2017 310 2 104.0
1 2017 311 2 104.0
1 2017 312 2 106.4
1 2017 313 2 106.4
1 2017 317 2 106.4
1 2017 318 2 104.5
1 2017 319 2 104.5
1 2017 320 2 106.3
1 2017 321 2 105.7
1 2017 324 2 105.7
1 2017 325 2 105.7
1 2017 326 2 106.3
1 2017 328 2 109.0
1 2017 331 2 111.9
1 2017 332 2 111.9
1 2017 333 2 113.4
1 2017 334 2 114.6
1 2017 335 3 116.0
1 2017 338 3 116.7
1 2017 339 3 118.7
1 2017 340 3 118.7
1 2017 341 3 117.7
1 2017 342 3 119.2
1 2017 345 3 120.0
1 2017 346 3 122.4
1 2017 347 3 122.8
1 2017 348 3 121.3
1 2017 349 3 122.8
1 2017 352 3 121.1
1 2017 353 3 123.1
1 2017 354 3 123.1
1 2017 355 3 123.1
1 2017 356 3 122.2
1 2017 360 3 122.2
1 2017 361 3 124.1
1 2017 362 3 124.1
1 2017 363 3 126.4
1 2018   2 0 123.5
1 2018   3 0 122.1
1 2018   4 0 121.3
1 2018   5 0 120.0
1 2018   8 0 120.0
1 2018   9 0 117.9
1 2018  10 0 115.3
1 2018  11 0 115.3
1 2018  12 0 115.3
1 2018  16 0 115.3
1 2018  17 0 115.8
1 2018  18 0 115.8
1 2018  19 0 115.4
1 2018  22 0 117.9
1 2018  23 0 119.6
1 2018  24 0 122.3
1 2018  25 0 124.3
1 2018  26 0 125.1
1 2018  29 0 127.7
1 2018  30 0 127.7
1 2018  31 0 125.7
1 2018  32 0 125.7
1 2018  33 0 125.7
1 2018  36 0 124.0
1 2018  37 0 124.0
1 2018  38 0 124.3
1 2018  39 0 122.5
1 2018  40 0 122.5
1 2018  43 0 120.2
1 2018  44 0 117.9
1 2018  45 0 117.5
1 2018  46 0 117.0
1 2018  47 0 115.7
1 2018  51 0 117.3
1 2018  52 0 117.3
1 2018  53 0 114.9
1 2018  54 0 114.9
1 2018  57 0 113.3
1 2018  58 0 113.3
1 2018  59 0 111.4
1 2018  60 0 113.8
1 2018  61 0 113.8
1 2018  64 0 116.1
1 2018  65 0 117.5
1 2018  66 0 115.7
1 2018  67 0 115.7
1 2018  68 0 113.5
1 2018  71 0 115.1
1 2018  72 0 116.3
1 2018  73 0 116.5
1 2018  74 0 115.1
1 2018  75 0 113.8
1 2018  78 0 113.8
1 2018  79 0 113.8
1 2018  80 0 110.9
1 2018  81 0 110.8
1 2018  82 0 110.8
1 2018  85 0 110.8
1 2018  86 0 111.1
1 2018  87 0 111.3
1 2018  88 0 111.3
1 2018  89 0 112.8
1 2018  92 1 112.8
1 2018  93 1 115.2
1 2018  94 1 115.2
1 2018  95 1 117.6
1 2018  96 1 119.4
1 2018  99 1 119.4
1 2018 100 1 120.2
1 2018 101 1 122.4
1 2018 102 1 122.4
1 2018 103 1 124.5
1 2018 106 1 124.5
1 2018 107 1 123.4
1 2018 108 1 122.7
1 2018 109 1 123.4
1 2018 110 1 123.4
1 2018 113 1 121.7
1 2018 114 1 121.4
1 2018 115 1 123.0
1 2018 116 1 125.8
1 2018 117 1 123.5
1 2018 120 1 124.5
1 2018 121 1 124.7
1 2018 122 1 125.4
1 2018 123 1 125.4
1 2018 124 1 125.4
1 2018 127 1 123.6
1 2018 128 1 124.8
1 2018 129 1 123.0
1 2018 130 1 123.0
1 2018 131 1 121.5
1 2018 134 1 124.4
1 2018 135 1 125.5
1 2018 136 1 125.5
1 2018 137 1 127.3
1 2018 138 1 127.3
1 2018 141 1 127.9
1 2018 142 1 126.8
1 2018 143 1 127.9
1 2018 144 1 129.6
1 2018 145 1 131.9
1 2018 149 1 134.9
1 2018 150 1 134.3
1 2018 151 1 134.3
1 2018 152 1 131.7
1 2018 155 1 129.8
1 2018 156 1 128.7
1 2018 157 1 127.0
1 2018 158 1 128.7
1 2018 159 1 127.1
1 2018 162 1 129.5
1 2018 163 1 126.8
1 2018 164 1 126.5
1 2018 165 1 128.8
1 2018 166 1 128.9
1 2018 169 1 131.8
1 2018 170 1 131.8
1 2018 171 1 131.8
1 2018 172 1 132.8
1 2018 173 1 132.8
1 2018 176 1 132.8
1 2018 177 1 132.8
1 2018 178 1 129.9
1 2018 179 1 131.3
1 2018 180 1 132.4
1 2018 183 1 132.6
1 2018 184 1 134.4
1 2018 186 1 135.6
1 2018 187 1 135.6
1 2018 190 1 134.3
1 2018 191 1 134.0
1 2018 192 1 136.1
1 2018 193 1 136.4
1 2018 194 1 138.4
1 2018 197 1 138.4
1 2018 198 1 141.2
1 2018 199 1 143.4
1 2018 200 1 143.3
1 2018 201 1 146.0
1 2018 204 1 146.0
1 2018 205 1 146.0
1 2018 206 1 147.3
1 2018 207 1 148.6
1 2018 208 1 148.6
1 2018 211 1 148.6
1 2018 212 1 147.8
1 2018 213 2 150.4
1 2018 214 2 151.9
1 2018 215 2 151.9
1 2018 218 2 151.9
1 2018 219 2 154.1
1 2018 220 2 154.1
1 2018 221 2 152.8
1 2018 222 2 152.4
1 2018 225 2 152.0
1 2018 226 2 152.0
1 2018 227 2 152.0
1 2018 228 2 150.8
1 2018 229 2 150.8
1 2018 232 2 151.3
1 2018 233 2 152.4
1 2018 234 2 151.2
1 2018 235 2 153.1
1 2018 236 2 155.0
1 2018 239 2 154.3
1 2018 240 2 154.3
1 2018 241 2 155.8
1 2018 242 2 155.8
1 2018 243 2 153.7
1 2018 247 2 153.7
1 2018 248 2 153.2
1 2018 249 2 150.9
1 2018 250 2 151.1
1 2018 253 2 151.1
1 2018 254 2 151.1
1 2018 255 2 150.0
1 2018 256 2 151.0
1 2018 257 2 148.2
1 2018 260 2 148.7
1 2018 261 2 148.7
1 2018 262 2 148.7
1 2018 263 2 147.2
1 2018 264 2 147.2
1 2018 267 2 146.4
1 2018 268 2 143.6
1 2018 269 2 143.6
1 2018 270 2 143.6
1 2018 271 2 146.0
1 2018 274 2 145.0
1 2018 275 2 145.0
1 2018 276 2 145.0
1 2018 277 2 143.6
1 2018 278 2 146.1
1 2018 282 2 146.1
1 2018 283 2 143.7
1 2018 284 2 143.7
1 2018 285 2 141.7
1 2018 288 2 138.9
1 2018 289 2 136.5
1 2018 290 2 135.1
1 2018 291 2 137.1
1 2018 292 2 138.5
1 2018 295 2 138.5
1 2018 296 2 139.6
1 2018 297 2 137.7
1 2018 298 2 139.4
1 2018 299 2 137.5
1 2018 302 2 135.9
1 2018 303 2 134.4
1 2018 304 2 134.4
1 2018 305 2 134.4
1 2018 306 2 135.3
1 2018 309 2 135.3
1 2018 310 2 132.4
1 2018 311 2 132.3
1 2018 312 2 132.3
1 2018 313 2 132.0
1 2018 317 2 130.1
1 2018 318 2 130.1
1 2018 319 2 132.2
1 2018 320 2 133.0
1 2018 323 2 134.7
1 2018 324 2 137.4
1 2018 325 2 135.8
1 2018 327 2 135.4
1 2018 330 2 133.2
1 2018 331 2 131.7
1 2018 332 2 130.5
1 2018 333 2 132.8
1 2018 334 2 132.8
1 2018 337 3 130.5
1 2018 338 3 128.0
1 2018 339 3 128.0
1 2018 340 3 129.5
1 2018 341 3 131.0
1 2018 344 3 133.5
1 2018 345 3 133.5
1 2018 346 3 133.2
1 2018 347 3 134.6
1 2018 348 3 132.6
1 2018 351 3 133.5
1 2018 352 3 133.5
1 2018 353 3 131.2
1 2018 354 3 130.9
1 2018 355 3 132.2
1 2018 358 3 131.4
1 2018 360 3 132.9
1 2018 361 3 132.4
1 2018 362 3 135.3
1 2018 365 3 135.3
1 2019   2 0 137.5
1 2019   3 0 137.5
1 2019   4 0 139.8
1 2019   7 0 139.8
1 2019   8 0 137.3
1 2019   9 0 137.3
1 2019  10 0 137.3
1 2019  11 0 137.1
1 2019  14 0 137.0
1 2019  15 0 136.7
1 2019  16 0 136.2
1 2019  17 0 137.8
1 2019  18 0 137.9
1 2019  22 0 138.5
1 2019  23 0 138.5
1 2019  24 0 138.5
1 2019  25 0 135.6
1 2019  28 0 134.8
1 2019  29 0 133.1
1 2019  30 0 132.6
1 2019  31 0 131.1
1 2019  32 0 131.1
1 2019  35 0 132.7
1 2019  36 0 134.7
1 2019  37 0 137.5
1 2019  38 0 136.2
1 2019  39 0 136.3
1 2019  42 0 133.5
1 2019  43 0 131.5
1 2019  44 0 128.6
1 2019  45 0 128.5
1 2019  46 0 128.5
1 2019  50 0 131.2
1 2019  51 0 131.2
1 2019  52 0 131.6
1 2019  53 0 129.2
1 2019  56 0 127.6
1 2019  57 0 127.6
1 2019  58 0 127.6
1 2019  59 0 129.0
1 2019  60 0 128.6
1 2019  63 0 128.6
1 2019  64 0 128.4
1 2019  65 0 125.5
1 2019  66 0 125.1
1 2019  67 0 127.7
1 2019  70 0 128.0
1 2019  71 0 129.7
1 2019  72 0 129.2
1 2019  73 0 126.8
1 2019  74 0 127.8
1 2019  77 0 126.1
1 2019  78 0 126.1
1 2019  79 0 126.1
1 2019  80 0 123.7
1 2019  81 0 125.8
1 2019  84 0 124.0
1 2019  85 0 121.4
1 2019  86 0 121.0
1 2019  87 0 121.0
1 2019  88 0 122.7
1 2019  91 1 124.7
1 2019  92 1 127.4
1 2019  93 1 128.2
1 2019  94 1 129.9
1 2019  95 1 131.3
1 2019  98 1 131.3
1 2019  99 1 129.5
1 2019 100 1 128.0
1 2019 101 1 130.4
1 2019 102 1 132.3
1 2019 105 1 133.0
1 2019 106 1 133.6
1 2019 107 1 132.5
1 2019 108 1 130.5
1 2019 109 1 130.5
1 2019 112 1 128.0
1 2019 113 1 125.9
1 2019 114 1 124.2
1 2019 115 1 124.2
1 2019 116 1 121.3
1 2019 119 1 122.1
1 2019 120 1 122.1
1 2019 121 1 122.1
1 2019 122 1 122.1
1 2019 123 1 125.0
1 2019 126 1 127.0
1 2019 127 1 128.1
1 2019 128 1 128.1
1 2019 129 1 128.1
1 2019 130 1 128.1
1 2019 133 1 128.1
1 2019 134 1 128.1
1 2019 135 1 126.8
1 2019 136 1 126.8
1 2019 137 1 126.8
1 2019 140 1 127.3
1 2019 141 1 125.8
1 2019 142 1 126.7
1 2019 143 1 126.7
1 2019 144 1 126.4
1 2019 148 1 126.0
1 2019 149 1 126.6
1 2019 150 1 126.6
1 2019 151 1 126.9
1 2019 154 1 124.3
1 2019 155 1 124.3
1 2019 156 1 122.5
1 2019 157 1 121.2
1 2019 158 1 122.2
1 2019 161 1 123.0
1 2019 162 1 123.3
1 2019 163 1 123.3
1 2019 164 1 125.0
1 2019 165 1 127.7
1 2019 168 1 127.7
1 2019 169 1 128.6
1 2019 170 1 128.6
1 2019 171 1 131.3
1 2019 172 1 131.3
1 2019 175 1 131.3
1 2019 176 1 132.7
1 2019 177 1 134.4
1 2019 178 1 132.4
1 2019 179 1 130.8
2 2017   3 0  99.6
2 2017   4 0  99.6
2 2017   5 0  99.3
2 2017   6 0  98.5
2 2017   9 0  98.5
2 2017  10 0  98.5
2 2017  11 0  98.3
2 2017  12 0  98.6
2 2017  13 0  96.6
2 2017  17 0  97.1
2 2017  18 0  95.1
2 2017  19 0  98.0
2 2017  20 0  98.0
2 2017  23 0 100.3
2 2017  24 0 100.3
2 2017  25 0 100.3
2 2017  26 0  99.8
2 2017  27 0 100.9
2 2017  30 0 100.9
2 2017  31 0  99.1
2 2017  32 0 100.4
2 2017  33 0 100.9
2 2017  34 0 100.8
2 2017  37 0 100.8
2 2017  38 0 101.6
2 2017  39 0 102.4
2 2017  40 0 102.4
2 2017  41 0 102.4
2 2017  44 0 102.4
2 2017  45 0 100.3
2 2017  46 0  98.7
2 2017  47 0  97.1
2 2017  48 0  95.1
2 2017  52 0  92.2
2 2017  53 0  91.8
2 2017  54 0  91.4
2 2017  55 0  89.0
2 2017  58 0  89.0
2 2017  59 0  87.7
2 2017  60 0  89.0
2 2017  61 0  89.0
2 2017  62 0  87.0
2 2017  65 0  86.9
2 2017  66 0  86.9
2 2017  67 0  88.5
2 2017  68 0  88.9
2 2017  69 0  86.0
2 2017  72 0  88.9
2 2017  73 0  88.6
2 2017  74 0  88.6
2 2017  75 0  90.9
2 2017  76 0  90.9
2 2017  79 0  90.0
2 2017  80 0  92.0
2 2017  81 0  94.0
2 2017  82 0  92.5
2 2017  83 0  90.8
2 2017  86 0  89.8
2 2017  87 0  90.1
2 2017  88 0  89.7
2 2017  89 0  89.7
2 2017  90 0  89.7
2 2017  93 1  87.9
2 2017  94 1  86.4
2 2017  95 1  83.6
2 2017  96 1  83.5
2 2017  97 1  82.2
2 2017 100 1  81.9
2 2017 101 1  81.2
2 2017 102 1  81.9
2 2017 103 1  79.1
2 2017 104 1  77.5
2 2017 107 1  77.5
2 2017 108 1  75.9
2 2017 109 1  73.0
2 2017 110 1  71.2
2 2017 111 1  72.5
2 2017 114 1  70.2
2 2017 115 1  69.2
2 2017 116 1  69.2
2 2017 117 1  68.7
2 2017 118 1  67.9
2 2017 121 1  66.8
2 2017 122 1  66.8
2 2017 123 1  64.9
2 2017 124 1  64.0
2 2017 125 1  64.0
2 2017 128 1  61.4
2 2017 129 1  61.4
2 2017 130 1  61.4
2 2017 131 1  61.4
2 2017 132 1  61.4
2 2017 135 1  61.4
2 2017 136 1  63.1
2 2017 137 1  63.1
2 2017 138 1  63.1
2 2017 139 1  63.1
2 2017 142 1  63.1
2 2017 143 1  64.6
2 2017 144 1  64.6
2 2017 145 1  62.3
2 2017 146 1  64.6
2 2017 150 1  61.8
2 2017 151 1  61.8
2 2017 152 1  60.9
2 2017 153 1  60.9
2 2017 156 1  60.9
2 2017 157 1  62.8
2 2017 158 1  62.2
2 2017 159 1  63.1
2 2017 160 1  63.1
2 2017 163 1  61.7
2 2017 164 1  62.1
2 2017 165 1  62.1
2 2017 166 1  59.9
2 2017 167 1  57.2
2 2017 170 1  59.6
2 2017 171 1  59.8
2 2017 172 1  61.8
2 2017 173 1  61.8
2 2017 174 1  64.7
2 2017 177 1  64.7
2 2017 178 1  64.7
2 2017 179 1  66.5
2 2017 180 1  66.5
2 2017 181 1  66.5
2 2017 184 1  64.4
2 2017 186 1  65.2
2 2017 187 1  63.0
2 2017 188 1  64.9
2 2017 191 1  62.5
2 2017 192 1  60.9
2 2017 193 1  62.0
2 2017 194 1  62.0
2 2017 195 1  60.0
2 2017 198 1  59.2
2 2017 199 1  59.2
2 2017 200 1  57.9
2 2017 201 1  58.7
2 2017 202 1  58.0
2 2017 205 1  56.3
2 2017 206 1  55.3
2 2017 207 1  55.7
2 2017 208 1  54.5
2 2017 209 1  54.5
2 2017 212 1  53.1
2 2017 213 2  53.0
2 2017 214 2  53.6
2 2017 215 2  50.6
2 2017 216 2  50.1
2 2017 219 2  50.1
2 2017 220 2  50.5
2 2017 221 2  52.4
2 2017 222 2  52.4
2 2017 223 2  50.7
2 2017 226 2  50.7
2 2017 227 2  50.7
2 2017 228 2  50.4
2 2017 229 2  50.9
2 2017 230 2  50.9
2 2017 233 2  48.2
2 2017 234 2  50.3
2 2017 235 2  48.3
2 2017 236 2  49.6
2 2017 237 2  49.6
2 2017 240 2  49.6
2 2017 241 2  46.6
2 2017 242 2  46.3
2 2017 243 2  43.7
2 2017 244 2  43.7
2 2017 248 2  43.7
2 2017 249 2  45.2
2 2017 250 2  47.1
2 2017 251 2  47.4
2 2017 254 2  47.4
2 2017 255 2  48.3
2 2017 256 2  48.3
2 2017 257 2  49.1
2 2017 258 2  47.1
2 2017 261 2  46.0
2 2017 262 2  46.0
2 2017 263 2  44.5
2 2017 264 2  42.7
2 2017 265 2  42.7
2 2017 268 2  42.7
2 2017 269 2  42.0
2 2017 270 2  39.3
2 2017 271 2  37.6
2 2017 272 2  37.6
2 2017 275 2  37.6
2 2017 276 2  37.6
2 2017 277 2  37.6
2 2017 278 2  40.1
2 2017 279 2  37.8
2 2017 283 2  37.8
2 2017 284 2  39.6
2 2017 285 2  40.7
2 2017 286 2  40.7
2 2017 289 2  41.0
2 2017 290 2  41.0
2 2017 291 2  39.1
2 2017 292 2  36.2
2 2017 293 2  39.1
2 2017 296 2  39.9
2 2017 297 2  38.6
2 2017 298 2  37.3
2 2017 299 2  37.5
2 2017 300 2  37.5
2 2017 303 2  37.1
2 2017 304 2  35.2
2 2017 305 2  32.5
2 2017 306 2  30.9
2 2017 307 2  30.1
2 2017 310 2  30.9
2 2017 311 2  31.2
2 2017 312 2  28.7
2 2017 313 2  28.7
2 2017 317 2  28.2
2 2017 318 2  27.2
2 2017 319 2  27.1
2 2017 320 2  27.1
2 2017 321 2  24.5
2 2017 324 2  26.8
2 2017 325 2  25.7
2 2017 326 2  24.2
2 2017 328 2  21.9
2 2017 331 2  21.3
2 2017 332 2  21.3
2 2017 333 2  21.3
2 2017 334 2  19.9
2 2017 335 3  22.6
2 2017 338 3  22.1
2 2017 339 3  22.1
2 2017 340 3  22.1
2 2017 341 3  20.3
2 2017 342 3  19.1
2 2017 345 3  17.8
2 2017 346 3  18.9
2 2017 347 3  21.6
2 2017 348 3  21.6
2 2017 349 3  20.5
2 2017 352 3  20.9
2 2017 353 3  20.9
2 2017 354 3  20.9
2 2017 355 3  19.3
2 2017 356 3  17.3
2 2017 360 3  19.3
2 2017 361 3  19.3
2 2017 362 3  19.5
2 2017 363 3  19.5
2 2018   2 0  19.5
2 2018   3 0  19.5
2 2018   4 0  19.5
2 2018   5 0  19.5
2 2018   8 0  19.5
2 2018   9 0  19.5
2 2018  10 0  19.5
2 2018  11 0  17.8
2 2018  12 0  16.4
2 2018  16 0  16.4
2 2018  17 0  16.4
2 2018  18 0  18.8
2 2018  19 0  18.8
2 2018  22 0  18.8
2 2018  23 0  18.7
2 2018  24 0  21.2
2 2018  25 0  20.0
2 2018  26 0  19.8
2 2018  29 0  17.8
2 2018  30 0  17.5
2 2018  31 0  17.5
2 2018  32 0  15.9
2 2018  33 0  15.9
2 2018  36 0  17.3
2 2018  37 0  17.3
2 2018  38 0  17.3
2 2018  39 0  17.3
2 2018  40 0  14.8
2 2018  43 0  14.8
2 2018  44 0  14.8
2 2018  45 0  14.8
2 2018  46 0  16.2
2 2018  47 0  15.6
2 2018  51 0  17.2
2 2018  52 0  17.9
2 2018  53 0  17.9
2 2018  54 0  15.6
2 2018  57 0  16.2
2 2018  58 0  13.3
2 2018  59 0  12.1
2 2018  60 0  13.0
2 2018  61 0  13.2
2 2018  64 0  13.2
2 2018  65 0  14.7
2 2018  66 0  13.2
2 2018  67 0  13.1
2 2018  68 0  11.6
2 2018  71 0  11.6
2 2018  72 0  10.1
2 2018  73 0  10.1
2 2018  74 0   9.7
2 2018  75 0   9.0
2 2018  78 0  11.2
2 2018  79 0   8.5
2 2018  80 0   9.7
2 2018  81 0   8.5
2 2018  82 0   7.0
2 2018  85 0   7.0
2 2018  86 0   7.0
2 2018  87 0   8.3
2 2018  88 0  10.8
2 2018  89 0  11.0
2 2018  92 1   9.1
2 2018  93 1  11.9
2 2018  94 1  14.8
2 2018  95 1  14.8
2 2018  96 1  15.5
2 2018  99 1  14.8
2 2018 100 1  15.2
2 2018 101 1  15.2
2 2018 102 1  14.8
2 2018 103 1  14.8
2 2018 106 1  12.5
2 2018 107 1  12.5
2 2018 108 1  10.0
2 2018 109 1  10.0
2 2018 110 1   9.7
2 2018 113 1   7.0
2 2018 114 1   7.4
2 2018 115 1   7.4
2 2018 116 1   5.2
2 2018 117 1   6.4
2 2018 120 1   6.4
2 2018 121 1   8.1
2 2018 122 1   8.1
2 2018 123 1   7.8
2 2018 124 1   7.8
2 2018 127 1   6.1
2 2018 128 1   5.0
2 2018 129 1   5.4
2 2018 130 1   5.4
2 2018 131 1   5.0
2 2018 134 1   5.0
2 2018 135 1   5.0
2 2018 136 1   5.0
2 2018 137 1   8.0
2 2018 138 1   5.8
2 2018 141 1   8.8
2 2018 142 1   5.9
2 2018 143 1   5.0
2 2018 144 1   5.0
2 2018 145 1   5.0
2 2018 149 1   5.0
2 2018 150 1   5.0
2 2018 151 1   5.1
2 2018 152 1   5.1
2 2018 155 1   5.0
2 2018 156 1   5.0
2 2018 157 1   5.2
2 2018 158 1   6.9
2 2018 159 1   7.2
2 2018 162 1   7.7
2 2018 163 1   7.7
2 2018 164 1   9.2
2 2018 165 1   7.9
2 2018 166 1   7.9
2 2018 169 1   7.9
2 2018 170 1   6.2
2 2018 171 1   5.0
2 2018 172 1   5.0
2 2018 173 1   5.0
2 2018 176 1   5.0
2 2018 177 1   5.0
2 2018 178 1   5.0
2 2018 179 1   5.6
2 2018 180 1   5.6
2 2018 183 1   6.0
2 2018 184 1   5.1
2 2018 186 1   5.0
2 2018 187 1   5.0
2 2018 190 1   5.0
2 2018 191 1   5.9
2 2018 192 1   8.4
2 2018 193 1   7.2
2 2018 194 1   5.9
2 2018 197 1   5.9
2 2018 198 1   5.9
2 2018 199 1   5.0
2 2018 200 1   5.0
2 2018 201 1   5.0
2 2018 204 1   6.2
2 2018 205 1   7.9
2 2018 206 1   7.1
2 2018 207 1   6.0
2 2018 208 1   6.0
2 2018 211 1   6.4
2 2018 212 1   7.8
2 2018 213 2   7.2
2 2018 214 2   5.3
2 2018 215 2   7.9
2 2018 218 2   7.9
2 2018 219 2   5.7
2 2018 220 2   8.3
2 2018 221 2   8.3
2 2018 222 2   8.3
2 2018 225 2   6.4
2 2018 226 2   6.4
2 2018 227 2   6.4
2 2018 228 2   5.1
2 2018 229 2   7.5
2 2018 232 2   5.5
2 2018 233 2   5.5
2 2018 234 2   5.5
2 2018 235 2   5.5
2 2018 236 2   5.5
2 2018 239 2   5.0
2 2018 240 2   5.0
2 2018 241 2   5.0
2 2018 242 2   5.0
2 2018 243 2   6.0
2 2018 247 2   6.4
2 2018 248 2   5.0
2 2018 249 2   5.0
2 2018 250 2   5.0
2 2018 253 2   6.0
2 2018 254 2   5.0
2 2018 255 2   7.6
2 2018 256 2   7.6
2 2018 257 2   7.6
2 2018 260 2   7.6
2 2018 261 2   9.7
2 2018 262 2   7.6
2 2018 263 2   8.7
2 2018 264 2   8.5
2 2018 267 2   8.5
2 2018 268 2   5.9
2 2018 269 2   5.0
2 2018 270 2   6.5
2 2018 271 2   5.2
2 2018 274 2   5.0
2 2018 275 2   5.5
2 2018 276 2   5.5
2 2018 277 2   6.1
2 2018 278 2   6.1
2 2018 282 2   8.2
2 2018 283 2   8.2
2 2018 284 2   5.4
2 2018 285 2   7.9
2 2018 288 2   6.2
2 2018 289 2   6.2
2 2018 290 2   5.0
2 2018 291 2   5.9
2 2018 292 2   5.0
2 2018 295 2   7.1
2 2018 296 2   8.6
2 2018 297 2   8.0
2 2018 298 2   8.0
2 2018 299 2   6.4
2 2018 302 2   7.9
2 2018 303 2   7.9
2 2018 304 2   7.9
2 2018 305 2   7.5
2 2018 306 2   7.5
2 2018 309 2   8.9
2 2018 310 2   8.9
2 2018 311 2   8.3
2 2018 312 2   8.3
2 2018 313 2   8.0
2 2018 317 2   9.8
2 2018 318 2   9.8
2 2018 319 2  11.0
2 2018 320 2   8.6
2 2018 323 2   8.6
2 2018 324 2   8.6
2 2018 325 2   6.6
2 2018 327 2   6.6
2 2018 330 2   9.3
2 2018 331 2   9.3
2 2018 332 2   9.3
2 2018 333 2  11.3
2 2018 334 2  13.9
2 2018 337 3  13.6
2 2018 338 3  12.0
2 2018 339 3  10.9
2 2018 340 3  10.2
2 2018 341 3  10.0
2 2018 344 3  10.0
2 2018 345 3  11.6
2 2018 346 3  12.6
2 2018 347 3  11.5
2 2018 348 3   8.8
2 2018 351 3  11.1
2 2018 352 3  11.1
2 2018 353 3  11.1
2 2018 354 3   9.2
2 2018 355 3   9.2
2 2018 358 3   6.6
2 2018 360 3   6.6
2 2018 361 3   8.9
2 2018 362 3   8.9
2 2018 365 3  10.4
2 2019   2 0   9.6
2 2019   3 0   8.7
2 2019   4 0   8.7
2 2019   7 0   8.7
2 2019   8 0   5.9
2 2019   9 0   5.0
2 2019  10 0   5.0
2 2019  11 0   5.4
2 2019  14 0   5.0
2 2019  15 0   5.0
2 2019  16 0   5.0
2 2019  17 0   5.0
2 2019  18 0   6.6
2 2019  22 0   6.8
2 2019  23 0   6.8
2 2019  24 0   6.8
2 2019  25 0   9.1
2 2019  28 0   7.9
2 2019  29 0   5.9
2 2019  30 0   7.4
2 2019  31 0   5.6
2 2019  32 0   5.6
2 2019  35 0   6.2
2 2019  36 0   6.8
2 2019  37 0   9.2
2 2019  38 0   9.7
2 2019  39 0   8.4
2 2019  42 0   8.4
2 2019  43 0  10.1
2 2019  44 0  10.1
2 2019  45 0  10.4
2 2019  46 0  10.4
2 2019  50 0   8.7
2 2019  51 0   8.0
2 2019  52 0   5.8
2 2019  53 0   6.3
2 2019  56 0   8.8
2 2019  57 0   8.8
2 2019  58 0   8.8
2 2019  59 0   8.8
2 2019  60 0   8.8
2 2019  63 0   7.0
2 2019  64 0   8.7
2 2019  65 0   9.4
2 2019  66 0  11.9
2 2019  67 0  11.9
2 2019  70 0  13.2
2 2019  71 0  13.2
2 2019  72 0  12.5
2 2019  73 0  12.5
2 2019  74 0  11.7
2 2019  77 0  12.2
2 2019  78 0  12.2
2 2019  79 0  12.2
2 2019  80 0   9.3
2 2019  81 0   7.8
2 2019  84 0   6.7
2 2019  85 0   6.1
2 2019  86 0   5.0
2 2019  87 0   5.0
2 2019  88 0   5.0
2 2019  91 1   5.0
2 2019  92 1   5.0
2 2019  93 1   5.0
2 2019  94 1   5.0
2 2019  95 1   5.4
2 2019  98 1   5.0
2 2019  99 1   5.0
2 2019 100 1   5.0
2 2019 101 1   5.0
2 2019 102 1   5.0
2 2019 105 1   7.9
2 2019 106 1   8.9
2 2019 107 1   8.2
2 2019 108 1   6.0
2 2019 109 1   5.0
2 2019 112 1   6.2
2 2019 113 1   6.2
2 2019 114 1   9.0
2 2019 115 1   9.7
2 2019 116 1  10.0
2 2019 119 1  10.0
2 2019 120 1  12.0
2 2019 121 1  11.9
2 2019 122 1  10.4
2 2019 123 1  11.2
2 2019 126 1  10.0
2 2019 127 1  11.2
2 2019 128 1  11.2
2 2019 129 1  12.2
2 2019 130 1  12.2
2 2019 133 1  12.4
2 2019 134 1  15.0
2 2019 135 1  15.0
2 2019 136 1  15.0
2 2019 137 1  13.7
2 2019 140 1  13.7
2 2019 141 1  11.5
2 2019 142 1   8.6
2 2019 143 1   7.8
2 2019 144 1   5.1
2 2019 148 1   5.1
2 2019 149 1   5.0
2 2019 150 1   5.0
2 2019 151 1   5.0
2 2019 154 1   5.0
2 2019 155 1   6.3
2 2019 156 1   6.3
2 2019 157 1   9.1
2 2019 158 1   9.1
2 2019 161 1  11.4
2 2019 162 1  10.3
2 2019 163 1  12.7
2 2019 164 1  14.2
2 2019 165 1  14.2
2 2019 168 1  11.9
2 2019 169 1  10.8
2 2019 170 1  12.8
2 2019 171 1  13.1
2 2019 172 1  13.0
2 2019 175 1  13.0
2 2019 176 1  10.5
2 2019 177 1  10.4
2 2019 178 1  10.7
2 2019 179 1  11.5
